1.819520199580000015e+06 2.474631134690000178e-03 3.975539892719999813e+01 2.227076034721580911e+01 7.446270195406297887e+01 2.192356862086489055e+00 1.340145138023717042e+00 6.715794131707820691e-01 9.052705752140404352e-08 9.982642339242779883e-01 -1.421426372710235444e-04 1.000000000000000000e+00
1.776732102759999922e+06 1.086792632709999897e-03 4.126306469859999737e+01 2.263036728141695164e+01 3.457984574165373459e+01 9.995285222540716275e-01 1.227495809758034184e+00 7.881110160699287270e-01 9.052708061354452978e-08 9.990774564669708813e-01 1.951822203728764303e-04 0.000000000000000000e+00
1.406154196560000069e+06 1.316029427840000000e-03 4.346392945040000200e+01 2.093257862096898592e+01 4.526819999484910539e+01 1.431252832536685560e+00 1.259377030270312892e+00 7.557703892924716449e-01 9.052774477322661180e-08 9.989311011050103772e-01 9.693729505918128133e-05 0.000000000000000000e+00
2.920814948830000125e+06 1.964208452330000118e-03 3.588334114660000296e+01 2.612950568817964836e+01 5.068285035186088550e+01 1.241677971710662964e+00 1.325445541309294040e+00 7.051047736317632708e-01 9.052385495629941355e-08 9.984735652005473083e-01 -3.818858314191258684e-04 1.000000000000000000e+00
1.891321864610000048e+06 2.216667699790000109e-03 3.507359297320000024e+01 2.066937915709028672e+01 5.527199293722873819e+01 1.773162725800321970e+00 1.328115403977991216e+00 6.916916582336456454e-01 9.052492843871000984e-08 9.982990456727026674e-01 -7.080224424041946840e-06 1.000000000000000000e+00
2.097986572199999820e+06 2.305769514030000036e-03 4.199222492109999649e+01 2.491652847867681331e+01 7.531879553802399130e+01 1.948958609337986703e+00 1.323328947139494227e+00 6.733850288757632363e-01 9.052774586444988009e-08 9.984202703920401767e-01 -2.731491923387534141e-04 1.000000000000000000e+00
2.095869239740000106e+06 1.613392611319999998e-03 4.684113296080000310e+01 2.703100246629810499e+01 6.208909000447327742e+01 1.462885236534394284e+00 1.253867789321074566e+00 7.329274762456194914e-01 9.052918608284416587e-08 9.989375757679208601e-01 9.692434166175723127e-05 0.000000000000000000e+00
2.804248223189999815e+06 1.375713027140000079e-03 3.378051518910000084e+01 2.446906898361664773e+01 3.242361228249844629e+01 8.566706800780503617e-01 1.261906318803939664e+00 7.738228100650861307e-01 9.052326122802242398e-08 9.989008656270286224e-01 2.108516942769247059e-04 0.000000000000000000e+00
2.067371962049999973e+06 1.756386294459999975e-03 4.592884067899999678e+01 2.645348780984101467e+01 6.562697841341098126e+01 1.585155320743010687e+00 1.268351280999456376e+00 7.189545328893370835e-01 9.052894998428496479e-08 9.988385223702335169e-01 7.238633474957799992e-05 0.000000000000000000e+00
1.359041220250000013e+06 2.525205667769999870e-03 4.785751590449999782e+01 2.212016926855966048e+01 1.003589545451700786e+02 2.977949110738334237e+00 1.347979290913468020e+00 6.614286820451067417e-01 9.052923109534146644e-08 9.984515434642519116e-01 -9.360109071041139146e-05 1.000000000000000000e+00
9.260045818890000228e+05 1.438350358339999949e-03 3.059547993469999838e+01 1.305446377558752147e+01 2.922030438939305341e+01 1.592997270148996947e+00 1.331628601297956793e+00 7.403509996292849671e-01 9.052051944909658666e-08 9.985600535830281288e-01 6.919283947497473415e-05 0.000000000000000000e+00
2.022534386450000107e+06 2.062327110160000129e-03 4.791002332109999884e+01 2.700705698611966454e+01 8.209775263685655489e+01 1.936284788030006476e+00 1.293710902209735725e+00 6.899024854485141800e-01 9.052956575161541464e-08 9.986923032074457307e-01 -1.052346113051564946e-04 1.000000000000000000e+00
2.481737492360000033e+06 1.333640954409999902e-03 4.772268462710000136e+01 2.982847759117094455e+01 5.277890412251480257e+01 1.110216592785580714e+00 1.223140627501282163e+00 7.652183885219731030e-01 9.052931991655622901e-08 9.991544797931646293e-01 1.825131413748778747e-04 0.000000000000000000e+00
1.985674373150000116e+06 8.229669591759999729e-04 4.229125692699999917e+01 2.436977262773985942e+01 2.717017485013820632e+01 7.212341760424718640e-01 1.199776992355012339e+00 8.193682944161793102e-01 9.052739737302834498e-08 9.992692056084570007e-01 2.746717482496745548e-04 0.000000000000000000e+00
2.605592498209999874e+06 2.220553183010000060e-03 3.679852832960000342e+01 2.514986177526680677e+01 5.950329279684276429e+01 1.523292470193376769e+00 1.340352193566965999e+00 6.778623043390764602e-01 9.052485375372269376e-08 9.983011454178718491e-01 -4.367049588341016873e-04 1.000000000000000000e+00
2.375178951669999864e+06 1.729683173899999957e-03 4.143845020580000238e+01 2.624885195409938277e+01 5.538676017304572241e+01 1.349821969803721933e+00 1.273210171070622954e+00 7.243069546160261218e-01 9.052729269818408668e-08 9.988057633086033782e-01 1.879708472731536325e-05 0.000000000000000000e+00
2.439012204260000028e+06 1.879816101830000027e-03 3.361929672050000306e+01 2.273829894620132919e+01 4.398782071025072327e+01 1.264527146717826067e+00 1.305577619034218317e+00 7.176228496204735130e-01 9.052356030439828570e-08 9.985120777905299727e-01 -1.361473056961988973e-06 1.000000000000000000e+00
2.664433542640000116e+06 1.775609073240000044e-03 4.853441386480000119e+01 3.130035802016535129e+01 7.207027578133060786e+01 1.434163352751632869e+00 1.272900808120650762e+00 7.109597543578942691e-01 9.052928102956076473e-08 9.989097606406601715e-01 -2.171741230522500213e-04 1.000000000000000000e+00
9.002381601939999964e+05 8.955585179619999711e-04 4.090405303410000215e+01 1.600342663847375491e+01 2.812403487365149957e+01 1.211323999864230672e+00 1.259015471886668402e+00 7.733967587419378065e-01 9.052596334783669788e-08 9.990671385626886947e-01 1.545438106431922085e-04 0.000000000000000000e+00
2.652480653189999983e+06 5.475472012519999902e-04 4.241246975450000178e+01 2.822642015182869102e+01 1.815499160693859793e+01 4.069639838550090927e-01 1.178181823310836540e+00 8.548024941314202874e-01 9.052733571401450759e-08 9.994498445537521869e-01 4.156786856041662132e-04 0.000000000000000000e+00
2.723839671870000195e+06 7.219321434759999601e-04 4.658835899439999650e+01 3.069080978554638151e+01 2.755793322676173318e+01 5.609611214990054551e-01 1.174846970926677558e+00 8.403028830945707961e-01 9.052888980053140479e-08 9.994532078921430918e-01 3.521840022166202399e-04 0.000000000000000000e+00
1.080329959139999934e+06 1.592558681039999997e-03 4.732248377679999862e+01 1.955637584981577604e+01 6.223445416968220911e+01 2.127778245762909304e+00 1.305820539588680385e+00 7.215010023351480228e-01 9.052847192417349804e-08 9.988578376984782459e-01 2.385373816667592695e-05 0.000000000000000000e+00
9.043215652059999993e+05 2.210058037809999910e-03 4.029307394170000123e+01 1.585965593826969489e+01 6.785524525630650317e+01 2.953165003898849061e+00 1.372462316743449984e+00 6.744004841173495413e-01 9.052473600559206538e-08 9.984972884687967065e-01 -1.008744556663271634e-04 1.000000000000000000e+00
2.911980966620000079e+06 2.336297949990000060e-03 4.662654664299999752e+01 3.175255824316883135e+01 8.929193799146672461e+01 1.747727282311983599e+00 1.363976360752916062e+00 6.583249040519900674e-01 9.052771837713933973e-08 9.984069332959185639e-01 -9.877908648926359177e-04 1.000000000000000000e+00
2.010989824239999987e+06 1.134031314419999990e-03 4.406259760100000022e+01 2.529105964753793856e+01 3.981661503070717600e+01 1.012766622639255765e+00 1.218641748629787802e+00 7.854713695188182410e-01 9.052818273217930319e-08 9.991387756659038111e-01 1.905892208795912702e-04 0.000000000000000000e+00
2.780143046610000078e+06 2.710494659940000141e-03 4.273697345730000308e+01 2.906336596221710522e+01 9.090512016933770667e+01 1.970311188578397044e+00 1.407414339608408893e+00 6.293566299737369807e-01 9.052640310263725087e-08 9.979315842381184520e-01 -1.156282492156926554e-03 1.000000000000000000e+00
2.988016473060000222e+06 1.704417903500000031e-03 4.319788461760000331e+01 3.037371201293539613e+01 5.809034452888562328e+01 1.196706412179865398e+00 1.280310637185435807e+00 7.250924834284243614e-01 9.052723319960676708e-08 9.988777405450693925e-01 -2.405674123445289262e-04 1.000000000000000000e+00
2.474366259399999864e+06 2.562052320519999857e-03 3.671698819800000280e+01 2.446762394542714958e+01 6.842624591492177899e+01 1.808026212755599937e+00 1.370338412979578813e+00 6.532203146878330369e-01 9.052496314656655423e-08 9.979896171941246008e-01 -6.658925465618362226e-04 1.000000000000000000e+00
1.584970920500000007e+06 2.454761221549999883e-03 4.744767968410000236e+01 2.373457178977014337e+01 9.630877687635155837e+01 2.635377107945374497e+00 1.331710288117814667e+00 6.660228764753509667e-01 9.052942898504391011e-08 9.984612990362613516e-01 -1.037519024557582244e-04 1.000000000000000000e+00
8.223620727209999459e+05 6.947736807639999512e-04 4.308273737740000087e+01 1.590261410772686546e+01 2.358481300424451987e+01 1.023248965509459429e+00 1.238483409662906043e+00 7.875891782716113454e-01 9.052673453363167179e-08 9.992099642583198715e-01 2.046225530436253880e-04 0.000000000000000000e+00
1.137922678219999885e+06 1.778468205340000058e-03 4.896651767889999718e+01 2.059161019026346295e+01 7.315248429805221519e+01 2.356977902701988370e+00 1.311605761305575379e+00 7.095110923301553019e-01 9.052906662428377377e-08 9.988083586358265098e-01 -4.549908638065177960e-06 1.000000000000000000e+00
1.211034209700000007e+06 8.124814119669999989e-04 3.467560860460000072e+01 1.639856297526835860e+01 1.991515619611389809e+01 8.339689374015442080e-01 1.245480321826480719e+00 8.000699484586409893e-01 9.052343782974266853e-08 9.989984634029556165e-01 2.319552216817946091e-04 0.000000000000000000e+00
2.953562379900000058e+06 1.777265323799999928e-03 4.518972280330000046e+01 3.123649877794990104e+01 6.481058299318232230e+01 1.292738584732766594e+00 1.286001028883322794e+00 7.145114548858815251e-01 9.052788823947752808e-08 9.988561394104231717e-01 -3.620601040467843579e-04 1.000000000000000000e+00
2.043238173759999918e+06 2.246070030630000023e-03 4.690642750960000029e+01 2.671734399075997146e+01 8.661756564222608290e+01 2.068401612209503693e+00 1.311181982499424858e+00 6.744010121104629940e-01 9.052930157494002044e-08 9.985635545517876910e-01 -2.391824304582064074e-04 1.000000000000000000e+00
9.379957065700000385e+05 2.768655522549999873e-03 4.354134665419999806e+01 1.711931310131018336e+01 9.548955157384736481e+01 3.805325137451254669e+00 1.402236288345490411e+00 6.382925357096398411e-01 9.052541219185731413e-08 9.983540697164779987e-01 -3.562885320912563786e-04 1.000000000000000000e+00
3.080444189160000067e+06 2.420655482689999805e-03 4.274102147789999862e+01 3.059495807426035441e+01 8.119596988667815651e+01 1.658769636747653653e+00 1.397557898145091348e+00 6.528877736147120636e-01 9.052569772334558198e-08 9.981551107254527100e-01 -1.164974975219948460e-03 1.000000000000000000e+00
1.562838562930000015e+06 2.885547723330000088e-03 3.114411832509999911e+01 1.718694182892557620e+01 6.020415526097097114e+01 2.388304445384870078e+00 1.381626258119706518e+00 6.534330319815564447e-01 9.052230972571870887e-08 9.976868651408949962e-01 -1.390807195606917959e-04 1.000000000000000000e+00
2.551584956919999793e+06 9.400337111990000319e-04 4.369857697500000171e+01 2.831163851474131476e+01 3.259706623358535893e+01 7.281670050976335462e-01 1.197059685626534309e+00 8.159381920994195347e-01 9.052798493620920783e-08 9.993119423326323192e-01 2.870700005745081612e-04 0.000000000000000000e+00
2.748747463359999936e+06 1.491161816919999925e-03 4.824599446380000245e+01 3.164993955018986682e+01 5.998612568197437156e+01 1.178509074023112335e+00 1.240485756779834636e+00 7.454750411839616842e-01 9.052928100238585667e-08 9.990931603358818025e-01 1.093041063224957658e-05 0.000000000000000000e+00
2.424847070230000187e+06 2.244322061490000141e-03 3.432178991159999981e+01 2.302656413851289585e+01 5.417191845985304610e+01 1.534891679756997140e+00 1.338954047016182258e+00 6.820677314702615623e-01 9.052395431907077556e-08 9.982213755993248894e-01 -2.997592899608253437e-04 1.000000000000000000e+00
1.348841640640000114e+06 1.904655674259999936e-03 4.714986469650000345e+01 2.179216294520418273e+01 7.402378635189347733e+01 2.234570116551060970e+00 1.305135858105031854e+00 7.063708633516821989e-01 9.052897815741245979e-08 9.987224396748076716e-01 6.493067615549606306e-06 0.000000000000000000e+00
2.264589565020000096e+06 2.849853836340000141e-03 4.616499453269999975e+01 2.779321962834134396e+01 1.073064713286293426e+02 2.448607745013459791e+00 1.377340058353350383e+00 6.314452866188979829e-01 9.052880645004419614e-08 9.981087103594327159e-01 -8.199926366067601105e-04 1.000000000000000000e+00
1.021828570360000012e+06 2.932616294230000042e-03 3.082306459289999978e+01 1.378971848082555951e+01 6.024251749937719325e+01 3.081948364025161702e+00 1.417937703309053443e+00 6.430944795935948921e-01 9.051855185297961213e-08 9.977921281238916196e-01 -3.073055289063734096e-04 1.000000000000000000e+00
1.540269064920000033e+06 2.093892682550000002e-03 3.382892804240000117e+01 1.815406937690836031e+01 4.945621983611415828e+01 1.842061090870226403e+00 1.328936715230639720e+00 7.053587682857132002e-01 9.052407341131422016e-08 9.983169488206117270e-01 1.284531720592446712e-05 0.000000000000000000e+00
2.233956635910000186e+06 1.570387453609999951e-03 4.011614141559999780e+01 2.484484270844180998e+01 4.789825501477314873e+01 1.243536076864706796e+00 1.261746931204883904e+00 7.445811833546914782e-01 9.052683742753699979e-08 9.988688012811037797e-01 1.261059253128056252e-04 0.000000000000000000e+00
9.995970064039999852e+05 6.540727348170000078e-04 4.298015468130000016e+01 1.750140726366987209e+01 2.212392368170412382e+01 8.595178134244499946e-01 1.220322887344875484e+00 8.028007560153632705e-01 9.052701727492527818e-08 9.992286874528518714e-01 2.493320409852639607e-04 0.000000000000000000e+00
2.629348126370000187e+06 1.309379900209999914e-03 3.231257307730000150e+01 2.291723506373631380e+01 2.887068767385656187e+01 8.225034929036989517e-01 1.261433214861552132e+00 7.819319565651740023e-01 9.052246884615565786e-08 9.988918918420113258e-01 2.151585343116543716e-04 0.000000000000000000e+00
1.955098115849999944e+06 2.843928959880000044e-03 4.043392244889999887e+01 2.338046805152300323e+01 8.777517399040524992e+01 2.443750833827564861e+00 1.366637168524361234e+00 6.376678282589446356e-01 9.052729735860871538e-08 9.979977534482080692e-01 -4.765491378049641026e-04 1.000000000000000000e+00
7.763131159299999708e+05 7.700275721650000089e-04 4.766121133560000089e+01 1.666678318937960768e+01 3.041501498032515727e+01 1.250061583837154933e+00 1.249252754532625742e+00 7.729174523745858671e-01 9.052808434329058385e-08 9.992391678005632105e-01 1.629471190933874246e-04 0.000000000000000000e+00
2.334040990340000018e+06 2.565057167560000091e-03 3.694902673419999672e+01 2.387624402578027727e+01 6.915692876463189975e+01 1.879489289516859341e+00 1.362617785822593186e+00 6.557796927373877871e-01 9.052538744512139816e-08 9.980378022444101882e-01 -5.323160564368102123e-04 1.000000000000000000e+00
3.009880917309999932e+06 1.727676876479999945e-03 4.817018968880000074e+01 3.308018588171150753e+01 6.933686475425092510e+01 1.294529125858817409e+00 1.277541490016571579e+00 7.179323630466092343e-01 9.052877126925078935e-08 9.989446790720657443e-01 -3.427473599795969293e-04 1.000000000000000000e+00
1.592360243999999948e+06 6.072463272090000003e-04 4.677421393739999900e+01 2.353612995953763587e+01 2.331893908491093015e+01 6.442872335819711527e-01 1.181612601877977564e+00 8.312814344877272887e-01 9.052877488187844370e-08 9.993815029483742451e-01 3.145761473288890024e-04 0.000000000000000000e+00
7.297494882010000292e+05 1.174764446569999963e-03 4.168901368910000116e+01 1.461546481959688393e+01 3.795922784904424674e+01 1.815529019114056286e+00 1.317405509176442280e+00 7.361975651812675547e-01 9.052561106640665963e-08 9.989966878470541989e-01 5.628019155726459452e-05 0.000000000000000000e+00
2.643245805970000103e+06 2.378458630939999860e-03 4.882195027880000282e+01 3.131407850596388442e+01 9.739853684122871869e+01 1.937204557964240070e+00 1.347822612789196572e+00 6.520807207905223724e-01 9.052898361152180961e-08 9.984664582832747382e-01 -8.157260543677631289e-04 1.000000000000000000e+00
2.537224441920000128e+06 2.486058293940000136e-03 3.817253573499999675e+01 2.550951596306795821e+01 7.038367966159350431e+01 1.772636383917941982e+00 1.364166040189795037e+00 6.553211507332583619e-01 9.052550654171565396e-08 9.981054813801658598e-01 -6.853817706959301325e-04 1.000000000000000000e+00
2.281016481360000093e+06 1.125354777839999943e-03 3.870552616380000188e+01 2.444012711874249177e+01 3.252992539123851401e+01 8.606504562611695386e-01 1.227510735763167382e+00 7.939349707433310810e-01 9.052606491453377706e-08 9.991016161357128000e-01 2.191352664995858761e-04 0.000000000000000000e+00
3.081963854729999788e+06 5.155756380110000387e-04 3.505964724769999918e+01 2.637721529788185038e+01 1.284806856769842121e+01 3.113653957581423160e-01 1.203237908047914084e+00 8.605041887722125749e-01 9.052374054925592755e-08 9.993356063294385194e-01 4.537992846434292255e-04 0.000000000000000000e+00
1.815172378839999903e+06 5.464272364329999599e-04 4.857028699090000146e+01 2.584916129426476772e+01 2.220355360982741644e+01 5.507582209928590933e-01 1.169358500832845538e+00 8.431400762931857695e-01 9.052936518403989434e-08 9.994611005833169415e-01 3.551990129321896061e-04 0.000000000000000000e+00
2.766120721590000205e+06 2.834093262000000023e-03 3.266376204699999874e+01 2.369707453027225341e+01 6.351080052422581446e+01 1.741062108546748366e+00 1.432817923462257781e+00 6.329288256223540854e-01 9.052151595840450104e-08 9.972288096073160801e-01 -1.068055367135030322e-03 1.000000000000000000e+00
1.354290137360000052e+06 7.042850638329999991e-04 3.576198143239999894e+01 1.774726993551368892e+01 1.808068928001933173e+01 6.912424523780449359e-01 1.227062822272755316e+00 8.166175961213405499e-01 9.052410711710786512e-08 9.991110729897628717e-01 2.856540902576591885e-04 0.000000000000000000e+00
2.724331074179999996e+06 1.565677916719999951e-03 3.380259991180000156e+01 2.412970641814621331e+01 3.693700926714661392e+01 9.917244371283601145e-01 1.279716774394566325e+00 7.508291327003521198e-01 9.052331639530559546e-08 9.987654969176054109e-01 1.520358705162279129e-04 0.000000000000000000e+00
1.984611066749999998e+06 1.598685462999999965e-03 3.460532364360000201e+01 2.096063367432424229e+01 3.906713321787295001e+01 1.233291343250225047e+00 1.279382151794724809e+00 7.452493067370894453e-01 9.052434793107691808e-08 9.986877856530501640e-01 1.127915703887574371e-04 0.000000000000000000e+00
1.128599954840000020e+06 1.601497617899999950e-03 4.334909065059999733e+01 1.871606414758621995e+01 5.486942751553157649e+01 1.973209751364217945e+00 1.304758979745800795e+00 7.252332774284528938e-01 9.052733558544935869e-08 9.987773006503706252e-01 3.538667947996008658e-05 0.000000000000000000e+00
1.921986099979999941e+06 2.008908775899999853e-03 3.130135624769999936e+01 1.913185165866970650e+01 4.223175151350918100e+01 1.480815379652947295e+00 1.321354223359862523e+00 7.129725998466676096e-01 9.052267770784595453e-08 9.983189882218769240e-01 4.132904785340515454e-05 0.000000000000000000e+00
2.458659269230000209e+06 5.158098431639999851e-04 3.198655529790000074e+01 2.199299091212949264e+01 1.120146893603708627e+01 3.345923277882063562e-01 1.220031341572268335e+00 8.564366253792704553e-01 9.052174014788428103e-08 9.992329900900247530e-01 4.335378314464966194e-04 0.000000000000000000e+00
2.901996171310000122e+06 1.512063043279999932e-03 3.662349006179999833e+01 2.644708012015630416e+01 4.022940746645285515e+01 9.719728297193348521e-01 1.268059427782541437e+00 7.547905755351764778e-01 9.052468919340158537e-08 9.988818257937687184e-01 1.079907148755303553e-04 0.000000000000000000e+00
9.705617526749999961e+05 2.778765299469999894e-03 4.835482689690000058e+01 1.883870208371655153e+01 1.121620041633527052e+02 4.003357022658425635e+00 1.398224310631360101e+00 6.359644938504585010e-01 9.052745551888913767e-08 9.984427925569349105e-01 -3.435733457229044182e-04 1.000000000000000000e+00
1.483969302589999977e+06 1.311053971100000068e-03 3.023842656089999892e+01 1.638103610561634227e+01 2.616938392378236244e+01 1.097223609446505987e+00 1.289281398439367177e+00 7.686696057573019214e-01 9.052126041114985602e-08 9.986386448279508388e-01 1.347122608799037734e-04 0.000000000000000000e+00
2.421332103860000148e+06 1.644398007419999985e-03 4.916237581109999866e+01 3.012737852143632722e+01 6.804408524695499239e+01 1.414975309048140284e+00 1.252627528534385970e+00 7.267571522430698039e-01 9.052970034125227744e-08 9.989878464220012244e-01 -4.498014160461831669e-06 1.000000000000000000e+00
1.035479579580000020e+06 2.613847751040000028e-03 3.831284648319999775e+01 1.634137517920762761e+01 7.440995833670841364e+01 3.128575223802720462e+00 1.390400332434755137e+00 6.542090757263384626e-01 9.052406755725503706e-08 9.982061054559746571e-01 -1.297603081644323176e-04 1.000000000000000000e+00
1.393212222989999922e+06 2.393440981529999789e-03 3.921400946010000155e+01 1.928852827567931527e+01 7.055352899273297851e+01 2.450783825431409824e+00 1.347176743864331838e+00 6.762757835317115829e-01 9.052637871273776027e-08 9.983008044492872601e-01 -5.251375333038522480e-05 1.000000000000000000e+00
1.299117166609999957e+06 2.104612295849999943e-03 4.414293257340000309e+01 2.035539639056174366e+01 7.409655562130554074e+01 2.419289244772387271e+00 1.324522337097576719e+00 6.931545260947885589e-01 9.052800683303197934e-08 9.985710546117705366e-01 -3.053703882476358351e-05 1.000000000000000000e+00
2.080162948809999973e+06 1.069793736569999961e-03 3.662628469549999721e+01 2.239251354127425131e+01 2.846580668939038716e+01 8.328617125427864032e-01 1.231584671570634004e+00 7.980037745893180379e-01 9.052504261103149437e-08 9.990547471552719827e-01 2.266706234536576201e-04 0.000000000000000000e+00
1.616655357030000072e+06 1.175913705600000088e-03 3.246455777460000292e+01 1.803330626347240795e+01 2.611101978883472441e+01 9.800405160690915940e-01 1.264537081042125255e+00 7.813915242954337925e-01 9.052268301951367791e-08 9.988046785195507926e-01 1.811407087963279360e-04 0.000000000000000000e+00
6.822782477440000512e+05 1.791866909700000040e-03 3.973534227060000035e+01 1.363242127839712126e+01 5.387723897173633958e+01 2.793203423212852865e+00 1.387374856026847292e+00 6.854171233004785480e-01 9.052345279635901044e-08 9.987683429151107406e-01 -1.678758140600154433e-04 1.000000000000000000e+00
7.393048615820000414e+05 2.891632419290000172e-03 3.872293293759999955e+01 1.391866176198005967e+01 8.364299898019058332e+01 4.233199365652908774e+00 1.433764947921444044e+00 6.257612381457388073e-01 9.052090318206377556e-08 9.983070218223045744e-01 -2.557974537619490127e-04 1.000000000000000000e+00
1.879411597499999916e+06 9.561135114279999646e-04 4.836766078280000158e+01 2.622024716959209556e+01 3.860790413033816293e+01 9.420884218473662974e-01 1.199760357360071028e+00 8.005639612084628487e-01 9.052943286590594802e-08 9.992645374019076820e-01 2.320160107989606662e-04 0.000000000000000000e+00
2.866283174099999946e+06 2.455849618149999903e-03 3.716436092829999893e+01 2.657443661105468635e+01 6.679222606766606418e+01 1.604853575950408340e+00 1.386732449472718010e+00 6.581063714729783465e-01 9.052405388478292022e-08 9.979808284125513129e-01 -9.236075212807432974e-04 1.000000000000000000e+00
1.431121607929999940e+06 2.324982471379999881e-03 3.949927838349999831e+01 1.965575171901771512e+01 6.928473654341171084e+01 2.355052481957243149e+00 1.340924295216665341e+00 6.809408414101164597e-01 9.052658222599005099e-08 9.983429296037334977e-01 -4.167638724527000175e-05 1.000000000000000000e+00
2.907695083980000112e+06 1.306652534189999904e-03 4.448794011879999744e+01 3.063131710699838450e+01 4.654335719610540423e+01 9.495435993006272613e-01 1.227432058454950292e+00 7.731177247375087269e-01 9.052810665314006708e-08 9.991626076098696352e-01 1.953787347483728330e-04 0.000000000000000000e+00
3.013358639039999805e+06 2.465764964840000059e-03 4.732578597159999845e+01 3.266316802772370664e+01 9.636793993903722821e+01 1.825722802979147241e+00 1.394482907234768421e+00 6.467453404628857871e-01 9.052741350717675635e-08 9.982734625752285318e-01 -1.170646054877757733e-03 1.000000000000000000e+00
1.605453543830000097e+06 1.240177151239999984e-03 4.349656059019999788e+01 2.237945863435320248e+01 4.270711616202854799e+01 1.250376828006312779e+00 1.241258554486649679e+00 7.673491382423757168e-01 9.052788541604805985e-08 9.990011052631599942e-01 1.433597335281678611e-04 0.000000000000000000e+00
1.467507177210000111e+06 2.252018075719999877e-03 3.375385436890000079e+01 1.769058372464548867e+01 5.301406119927479921e+01 2.034259999093230853e+00 1.343829260728142572e+00 6.926011132551422866e-01 9.052393915036282800e-08 9.982151571546761248e-01 -1.714935634478956060e-05 1.000000000000000000e+00
2.284312500119999982e+06 2.498565775159999891e-03 3.379113756510000144e+01 2.208967796318517074e+01 5.891544332256426486e+01 1.750972130372180580e+00 1.360454020704327416e+00 6.678677202956672110e-01 9.052389780711508437e-08 9.979952981262043554e-01 -4.100126150776279535e-04 1.000000000000000000e+00
1.643204412019999931e+06 1.918422411240000092e-03 4.272268029530000177e+01 2.233825178028174818e+01 6.430816549444863028e+01 1.886806111670629171e+00 1.295279951107830563e+00 7.089364703866748441e-01 9.052792372346775477e-08 9.986451236333040438e-01 2.431207813788420448e-05 0.000000000000000000e+00
1.681465926359999925e+06 2.756054639690000158e-03 4.959232524080000104e+01 2.527053324793655165e+01 1.155430095275330302e+02 2.941673029146572027e+00 1.349231387740815746e+00 6.422240773113729873e-01 9.053007903275579578e-08 9.983401573658906569e-01 -3.032519251353350256e-04 1.000000000000000000e+00
7.987390235180000309e+05 2.904186465220000117e-03 3.949854144689999913e+01 1.468411451495108366e+01 8.654265806525357618e+01 4.116829164739489677e+00 1.422110460281312383e+00 6.271913783613558557e-01 9.052196522304246297e-08 9.982858643471052007e-01 -2.542387304362867060e-04 1.000000000000000000e+00
2.683542725370000117e+06 5.995236753120000315e-04 3.352190360630000043e+01 2.379908602703865128e+01 1.396797638552623511e+01 3.810258915635051924e-01 1.214168565733647176e+00 8.524305068042643541e-01 9.052285963319378945e-08 9.992627414410281128e-01 4.082107177515468871e-04 0.000000000000000000e+00
1.464715055549999932e+06 8.023281517929999832e-04 4.361378068559999832e+01 2.141923182963985894e+01 2.774097867561717123e+01 8.542121355986801445e-01 1.210062079765724441e+00 8.065379098613623121e-01 9.052768776963105457e-08 9.992099938224895395e-01 2.443773025991166029e-04 0.000000000000000000e+00
1.816145436960000079e+06 1.481952937060000046e-03 4.237859853289999990e+01 2.334236048993237844e+01 4.907817920316075089e+01 1.368952686613871483e+00 1.257111082070496710e+00 7.497169538312284942e-01 9.052769625845441949e-08 9.988965203682698135e-01 1.131069062563973163e-04 0.000000000000000000e+00
1.558793253749999916e+06 1.705244617619999922e-03 4.807015405130000119e+01 2.376897267077958986e+01 6.822351682545352958e+01 1.863749497434880054e+00 1.276656499220719443e+00 7.235415535102754925e-01 9.052939822235046722e-08 9.988439761220710977e-01 3.950120095468499424e-05 0.000000000000000000e+00
1.453482061310000019e+06 1.306437440630000071e-03 4.870581714469999923e+01 2.317928207817565678e+01 5.330819942411060453e+01 1.498979950501063252e+00 1.248708777794007796e+00 7.548003867932063793e-01 9.052937211412233949e-08 9.990242229513365269e-01 1.004981609442058511e-04 0.000000000000000000e+00
2.195517958629999775e+06 7.079603064269999763e-04 4.465997435189999720e+01 2.669419729559910337e+01 2.536417594744040116e+01 6.062934276738540795e-01 1.183146981772368322e+00 8.352245997481844153e-01 9.052823522923025726e-08 9.993861862554884734e-01 3.295216476952737622e-04 0.000000000000000000e+00
2.985779829270000104e+06 7.838429814310000346e-04 3.441857714039999649e+01 2.560549002094388626e+01 1.899995566869029417e+01 4.764571911224012579e-01 1.216484170854948976e+00 8.406968648421803136e-01 9.052350960806209897e-08 9.992416831613635253e-01 3.641657496924542822e-04 0.000000000000000000e+00
7.914284136390000349e+05 6.568795325670000185e-04 3.752751242730000314e+01 1.406622853763854764e+01 1.812777661654320127e+01 9.063149520080404642e-01 1.249990018378295709e+00 7.923650998832544312e-01 9.052434822766643100e-08 9.991391511791595237e-01 2.268798923438239759e-04 0.000000000000000000e+00
7.763003477179999463e+05 2.029554541139999817e-03 3.248029236629999872e+01 1.250084455297795394e+01 4.509877714753779543e+01 2.585722318665312880e+00 1.388389946846970480e+00 6.848696883898931498e-01 9.051972949560342657e-08 9.984115379643044852e-01 -1.567098059603290407e-04 1.000000000000000000e+00
1.258989962569999974e+06 5.184727418219999516e-04 3.885119310750000210e+01 1.820848954873358849e+01 1.507185175942383104e+01 5.594396540109374261e-01 1.204290254911237312e+00 8.324073813251735565e-01 9.052556086341830146e-08 9.992728744308073674e-01 3.443010921661667162e-04 0.000000000000000000e+00
1.833905514690000098e+06 2.015360532600000022e-03 4.965023735900000190e+01 2.641429307032722207e+01 8.463868115857198404e+01 2.047855711753010510e+00 1.292141923215635257e+00 6.979559681380540503e-01 9.053001704878053426e-08 9.987444348012930462e-01 1.201659228779191476e-05 0.000000000000000000e+00
2.637886135600000154e+06 2.718655851909999952e-03 3.596653991779999870e+01 2.487491092989659691e+01 7.039411747834265043e+01 1.825033306336724781e+00 1.402803017469163471e+00 6.386002459464721337e-01 9.052400963665519221e-08 9.977032403058021526e-01 -9.340411035509899778e-04 1.000000000000000000e+00
9.621869080000000540e+05 7.067690295319999962e-04 3.313064425459999995e+01 1.412575435549389624e+01 1.617917889145678600e+01 8.049476836765313559e-01 1.255654896884049743e+00 8.005814314982793167e-01 9.052220478740760518e-08 9.990071613660579386e-01 2.475881791145035857e-04 0.000000000000000000e+00
2.273899712660000194e+06 1.433219580380000035e-03 4.606991998720000225e+01 2.780726425026618998e+01 5.379885892625740240e+01 1.226913033794668095e+00 1.237767331882659860e+00 7.541438414468143447e-01 9.052889330533060029e-08 9.990525162161660866e-01 1.474165245384732707e-04 0.000000000000000000e+00
2.079060955779999960e+06 1.198634010479999968e-03 3.245578505529999802e+01 2.044618176114438413e+01 2.660473385497238397e+01 8.642228221939598498e-01 1.255486858157874863e+00 7.879887005033361369e-01 9.052273940511312331e-08 9.988821697592333848e-01 2.022463615295529594e-04 0.000000000000000000e+00
2.129582474719999824e+06 5.224652441689999665e-04 3.773142565290000050e+01 2.316776612470862773e+01 1.453604880269020505e+01 4.089746556686372214e-01 1.196006260500205531e+00 8.515986076192318954e-01 9.052521115802915958e-08 9.993446911948370426e-01 4.020474755478281614e-04 0.000000000000000000e+00
1.601473058339999989e+06 1.736338958480000043e-03 3.443431420769999818e+01 1.875913954567077013e+01 4.211684314504054072e+01 1.510600562464776475e+00 1.299357948078238678e+00 7.314304969119728161e-01 9.052429293911650384e-08 9.985444572668747965e-01 5.808380583940619631e-05 0.000000000000000000e+00
3.139994310860000085e+06 1.888825705020000072e-03 3.295971160199999872e+01 2.541917785839806143e+01 4.290433090087844192e+01 1.084979298630769806e+00 1.332623466537349755e+00 7.147551648122598689e-01 9.052167849504477119e-08 9.983989887216159209e-01 -3.275832818057981496e-04 1.000000000000000000e+00
8.530445849219999509e+05 1.695876319819999934e-03 3.165647046220000149e+01 1.285411707027929040e+01 3.625952061099908263e+01 2.012602407389369130e+00 1.354188708567670929e+00 7.166945430770799152e-01 9.052059876719629816e-08 9.984921336838603612e-01 -1.745459687040945616e-06 1.000000000000000000e+00
2.827590083670000080e+06 1.960689131770000128e-03 3.035067342740000029e+01 2.267482744899886882e+01 3.935458923105771589e+01 1.134977457139871637e+00 1.334633359720364343e+00 7.140694932845260690e-01 9.052061551403451728e-08 9.982784739462200463e-01 -1.804178857807719636e-04 1.000000000000000000e+00
1.244251387799999909e+06 1.409943306170000034e-03 4.154727397580000314e+01 1.903577156052595498e+01 4.532622971180077798e+01 1.598554240805497573e+00 1.278460705064947023e+00 7.451329484773147049e-01 9.052688276956012034e-08 9.988323798942491116e-01 6.608491096429640072e-05 0.000000000000000000e+00
1.657342409770000027e+06 2.691953756679999876e-03 4.719762556119999886e+01 2.417440266863883735e+01 1.047808616615418771e+02 2.807286880808728124e+00 1.346498329575562147e+00 6.481227140188916547e-01 9.052943717851298760e-08 9.983234637486343432e-01 -2.434138784236726907e-04 1.000000000000000000e+00
2.202225120689999778e+06 1.837760680950000078e-03 4.922607594109999951e+01 2.875986123378238091e+01 7.619314955854646598e+01 1.671525428051383821e+00 1.272490656994313074e+00 7.111380991729124856e-01 9.052982281043379860e-08 9.988619602004069620e-01 -3.556979805686036702e-05 1.000000000000000000e+00
2.215934304010000080e+06 1.220092067490000012e-03 3.815243354580000101e+01 2.383030719509035933e+01 3.451517780550651082e+01 9.401047470301162612e-01 1.237033553137021125e+00 7.836876331123125983e-01 9.052586522791458238e-08 9.990289838377913734e-01 1.969800137542049973e-04 0.000000000000000000e+00
1.426858690380000044e+06 2.097161196920000002e-03 4.170974654590000341e+01 2.044457856008376950e+01 6.781445632846858018e+01 2.203069846373688634e+00 1.322733024789795708e+00 6.957684004458906113e-01 9.052740102165369521e-08 9.985165656880031770e-01 -1.014154183720516096e-05 1.000000000000000000e+00
1.716990099170000060e+06 6.944219198149999620e-04 3.574556560479999945e+01 1.997606960033815326e+01 1.781520506533847836e+01 5.943985883908410317e-01 1.216979524648516220e+00 8.285641575045921137e-01 9.052423441476851485e-08 9.991753987331511988e-01 3.143991147698242151e-04 0.000000000000000000e+00
7.601017544560000533e+05 2.646802121219999932e-03 3.678449816450000043e+01 1.357981993056711723e+01 7.088475977998133715e+01 3.691448417470672094e+00 1.419844659934049957e+00 6.416124095138804329e-01 9.052064488931796959e-08 9.983260190989839966e-01 -2.661641583300716502e-04 1.000000000000000000e+00
2.665737898320000153e+06 2.908455421169999812e-03 4.386688981430000212e+01 2.902156799601822001e+01 1.014382672153068086e+02 2.202257845733348596e+00 1.421659657943258326e+00 6.164668453783067603e-01 9.052701472257159201e-08 9.978129951533677433e-01 -1.250804877384704928e-03 1.000000000000000000e+00
8.467613034129999578e+05 7.272763790519999735e-04 4.114164150530000086e+01 1.558838883081989302e+01 2.303859819345396076e+01 1.022838493130517001e+00 1.243535194412177747e+00 7.868891985852405346e-01 9.052601699502339844e-08 9.991611439444215703e-01 1.997549811738341414e-04 0.000000000000000000e+00
2.557017576270000078e+06 9.474347751030000493e-04 3.751151537180000162e+01 2.527550435566637432e+01 2.612945667218481915e+01 6.650936854587715663e-01 1.215557361131521130e+00 8.179269712677811333e-01 9.052536587226800314e-08 9.992061203867598218e-01 2.915963685823886545e-04 0.000000000000000000e+00
2.380268030739999842e+06 1.756663715410000009e-03 4.160126988940000103e+01 2.635435488142217864e+01 5.658256840711845825e+01 1.372614192869511252e+00 1.275547026719382249e+00 7.212080955030697460e-01 9.052734943854875013e-08 9.987912343606480947e-01 5.081853840336753010e-08 0.000000000000000000e+00
7.378518369350000285e+05 5.022666755380000153e-04 4.953194013049999711e+01 1.672469101358527510e+01 2.101824828975442117e+01 8.604065152298847607e-01 1.209504732289415685e+00 8.020534098360796449e-01 9.052886235286421660e-08 9.993958708051731143e-01 2.664677312182959774e-04 0.000000000000000000e+00
1.699017943380000070e+06 9.837874086610000780e-04 3.042659679000000139e+01 1.760956120308238582e+01 1.982053958640619484e+01 7.645867273343766035e-01 1.257686898688731292e+00 8.030640440820259185e-01 9.052108896951815519e-08 9.988720088746493309e-01 2.378025697137450226e-04 0.000000000000000000e+00
1.979911276069999905e+06 2.864570736690000112e-03 3.890250386120000314e+01 2.285680627894754124e+01 8.343725876037966316e+01 2.384291750759870876e+00 1.370398212964354601e+00 6.373691267726463439e-01 9.052668166373311972e-08 9.979210304096700623e-01 -4.714259262753001480e-04 1.000000000000000000e+00
1.572216123450000072e+06 2.023158870020000215e-03 3.242521071579999870e+01 1.776755813984847165e+01 4.484234777936548966e+01 1.712112848375732188e+00 1.325622155104818845e+00 7.120554416311231094e-01 9.052328632069325276e-08 9.983152620962343349e-01 2.483706935979226898e-05 0.000000000000000000e+00
3.000340379480000120e+06 9.344494843880000448e-04 4.885171699450000204e+01 3.337756535181792827e+01 3.830096551651170245e+01 7.077402484016325213e-01 1.183270823594212651e+00 8.199754018103397879e-01 9.052956226859344945e-08 9.994163019536269621e-01 3.026001490205617694e-04 0.000000000000000000e+00
1.946289735080000013e+06 2.094025610309999813e-03 3.802990887179999646e+01 2.227959165375759198e+01 5.895274890635860743e+01 1.734916200082685656e+00 1.311584548815007079e+00 6.968253997908111508e-01 9.052625033324944933e-08 9.984610521911866376e-01 -6.437312712723767340e-06 1.000000000000000000e+00
2.265720113009999972e+06 2.585293355810000179e-03 4.142890645789999837e+01 2.563245771083672864e+01 8.275594067968313539e+01 2.072738383770699411e+00 1.356331040462288140e+00 6.534104137387610756e-01 9.052733443011345194e-08 9.981867032524519567e-01 -5.958278272425824315e-04 1.000000000000000000e+00
8.096950400880000088e+05 1.830571307290000107e-03 4.877657817309999899e+01 1.731923695157240672e+01 7.485792599199784547e+01 2.943504566266939015e+00 1.350311343470668834e+00 6.895282132333451219e-01 9.052780530548260028e-08 9.988607459188966198e-01 -5.096849257274957390e-05 1.000000000000000000e+00
8.134271366830000188e+05 8.368815175039999790e-04 4.480089459999999946e+01 1.628672862755599837e+01 3.012507595281691053e+01 1.271514097050376657e+00 1.255855215142537284e+00 7.708285823702278883e-01 9.052722074927918222e-08 9.991662486315806557e-01 1.491815996000495905e-04 0.000000000000000000e+00
1.726031949990000110e+06 1.152305393239999977e-03 3.824944423329999665e+01 2.107185549011494530e+01 3.272196931081827387e+01 1.026715716581738436e+00 1.241198257008456096e+00 7.819831189571438967e-01 9.052582536058387108e-08 9.989758709751015431e-01 1.863124052506175967e-04 0.000000000000000000e+00
3.081036021360000130e+06 2.341250659909999924e-03 4.907911947910000094e+01 3.394145665606480122e+01 9.663338685686419183e+01 1.751447033736558856e+00 1.379883339536586817e+00 6.538561772566842123e-01 9.052791102229199785e-08 9.984198357863662832e-01 -1.169850854422271056e-03 1.000000000000000000e+00
2.072194545110000065e+06 1.250703164229999970e-03 3.659524262869999944e+01 2.233537524988934209e+01 3.323726957979183538e+01 9.753282706503436650e-01 1.245045098250566307e+00 7.787331228590629317e-01 9.052514723464771618e-08 9.989525777554920660e-01 1.839465028322922872e-04 0.000000000000000000e+00
3.030517483299999963e+06 8.797140030820000149e-04 3.443161859960000015e+01 2.580393820816978590e+01 2.133594131323731702e+01 5.303044986655714998e-01 1.221652157976612640e+00 8.321862360625373878e-01 9.052353622873856881e-08 9.992075557152786391e-01 3.389832348675790022e-04 0.000000000000000000e+00
2.261456896129999775e+06 1.492250007249999949e-03 4.247832227100000324e+01 2.609331101998938962e+01 4.959372933687919272e+01 1.216935153617348497e+00 1.249802375232404783e+00 7.504112307347803323e-01 9.052771301979169862e-08 9.989610313159543731e-01 1.397366681983944073e-04 0.000000000000000000e+00
2.435610167160000186e+06 2.952149079500000165e-03 4.817556519019999683e+01 2.976004064855767339e+01 1.184984466199472024e+02 2.499247230346114179e+00 1.398210034374149258e+00 6.137820892244014725e-01 9.052896850839726734e-08 9.980127180823336053e-01 -1.065532944443173084e-03 1.000000000000000000e+00
6.684587292469999520e+05 1.858225787560000095e-03 3.067755235799999980e+01 1.111379408801528612e+01 3.790213606257372447e+01 2.493406037169557887e+00 1.406657361281599794e+00 6.893521577033198122e-01 9.051773101644684593e-08 9.985037454907442767e-01 -1.840972902760070981e-04 1.000000000000000000e+00
8.232459831120000454e+05 2.944990439919999928e-03 4.068180214649999726e+01 1.524138609327264504e+01 9.173146065266897153e+01 4.179821179731711744e+00 1.419686280796775169e+00 6.256409479478605151e-01 9.052275338022080807e-08 9.982901409862980913e-01 -2.716896726283834725e-04 1.000000000000000000e+00
1.737528702389999991e+06 1.181178646810000050e-03 4.899337879899999848e+01 2.545531961219719363e+01 4.862457505125816226e+01 1.227626368202640261e+00 1.221733579849811457e+00 7.736025561982180498e-01 9.052960934219306712e-08 9.991345161612473769e-01 1.638367188420935107e-04 0.000000000000000000e+00
2.066260096739999950e+06 2.613609122739999832e-03 4.722028623509999790e+01 2.700215792435723117e+01 1.018046710471577256e+02 2.401576098388969349e+00 1.343892525765915114e+00 6.452791487990005015e-01 9.052938238552390816e-08 9.983329038065777983e-01 -4.990184441024819468e-04 1.000000000000000000e+00
1.050478673419999890e+06 2.333450418780000195e-03 3.816887720300000097e+01 1.641289441015533157e+01 6.605364667828604297e+01 2.763284056113584519e+00 1.372127180883161435e+00 6.739833459873180166e-01 9.052458173649375838e-08 9.983279866051482099e-01 -6.838707454892507852e-05 1.000000000000000000e+00
1.475743873859999934e+06 1.985370329689999883e-03 3.075490360070000051e+01 1.654439114432739899e+01 4.064875299619864535e+01 1.684924625491977412e+00 1.333474861325457228e+00 7.160794507348394733e-01 9.052210582809619422e-08 9.982710700079783228e-01 3.303902581455628952e-05 0.000000000000000000e+00
2.304490840749999974e+06 8.718170985849999638e-04 3.729106350650000223e+01 2.388914393696830274e+01 2.383233971461223177e+01 6.472931775890222728e-01 1.214090319333871903e+00 8.222116701016857210e-01 9.052523698263453856e-08 9.992066753669940349e-01 2.951439571626632459e-04 0.000000000000000000e+00
2.199469718700000085e+06 2.632933582800000161e-03 3.996065818230000133e+01 2.458062862007814076e+01 7.984045397588741366e+01 2.098471312014147383e+00 1.359440057343316077e+00 6.538778125473190261e-01 9.052688005663278370e-08 9.981132938737808935e-01 -5.518834809062895912e-04 1.000000000000000000e+00
3.118138309669999871e+06 2.799125535950000056e-03 4.256386853459999742e+01 3.068584058067154885e+01 9.330784528399013311e+01 1.899701299016977263e+00 1.466646784055914754e+00 6.229066609237262631e-01 9.052471121768670858e-08 9.976240920222056996e-01 -1.636965613724465770e-03 1.000000000000000000e+00
1.721068837950000074e+06 2.448457304480000044e-03 3.395370149200000043e+01 1.924305328045820929e+01 5.815102432729608495e+01 2.025457376643503782e+00 1.347118913996510514e+00 6.777510663211909758e-01 9.052437302182569675e-08 9.980999005870418994e-01 -2.066270864018440116e-05 1.000000000000000000e+00
2.729558698570000008e+06 2.744058968680000102e-03 4.343912815929999738e+01 2.915187957922148954e+01 9.430815201620069388e+01 2.036923245687426220e+00 1.406530681327796906e+00 6.271179532238501109e-01 9.052679505906289083e-08 9.979442417751455130e-01 -1.143038878185623696e-03 1.000000000000000000e+00
2.245129190359999891e+06 2.025266000800000216e-03 3.457587844230000229e+01 2.227973917557098815e+01 4.942834288387386010e+01 1.454612064850958619e+00 1.314957872442096498e+00 7.073033291965397096e-01 9.052436155734486995e-08 9.984331277756873790e-01 -3.466439287577381646e-05 1.000000000000000000e+00
1.745571079459999921e+06 1.415840348129999895e-03 4.680932129440000011e+01 2.465627948180863172e+01 5.443107923852655716e+01 1.425580718643751688e+00 1.245461870995036913e+00 7.515747908089696061e-01 9.052907051138382553e-08 9.989897542281674925e-01 1.171505709260213453e-04 0.000000000000000000e+00
9.100033128489999799e+05 2.300986938840000190e-03 3.234935313780000143e+01 1.349367371416154526e+01 5.082140875624065046e+01 2.666219029221207126e+00 1.388210515895666353e+00 6.767682838543004342e-01 9.052025028842062084e-08 9.982139938832633730e-01 -1.156495056675420222e-04 1.000000000000000000e+00
1.572687114490000065e+06 1.627019322079999988e-03 3.147964893549999843e+01 1.738013284438255113e+01 3.449623325560105513e+01 1.350960726431809755e+00 1.301667348668071433e+00 7.437861482873442398e-01 9.052246113312712235e-08 9.985159163145714833e-01 7.724976267531745064e-05 0.000000000000000000e+00
2.909025944010000210e+06 9.630230854330000013e-04 3.815964537789999866e+01 2.730779047081959732e+01 2.725067961953736528e+01 6.345701939027345029e-01 1.212936486856770024e+00 8.199511291540981794e-01 9.052560727760523138e-08 9.992425589189435353e-01 3.082851273867410688e-04 0.000000000000000000e+00
2.038347155439999886e+06 1.929561734109999996e-03 3.302978498489999737e+01 2.051293967371712768e+01 4.396949142249594900e+01 1.422950981292384176e+00 1.308395214758572456e+00 7.162235609514112644e-01 9.052363946723775794e-08 9.984372147689305477e-01 5.436203080996274785e-05 0.000000000000000000e+00
9.960397082459999947e+05 2.656177805780000033e-03 4.146745409430000251e+01 1.700702588443385821e+01 8.514366629169208522e+01 3.418858882031028390e+00 1.394015770484403616e+00 6.486202662547211339e-01 9.052515645930612538e-08 9.983015724631122412e-01 -2.271858579187230700e-04 1.000000000000000000e+00
1.713605768300000113e+06 2.575470255249999799e-03 3.833552609360000218e+01 2.103129646985253842e+01 7.338255428710525052e+01 2.307628676604926099e+00 1.348377277936263940e+00 6.635253112760368666e-01 9.052645938702233390e-08 9.981560475890992601e-01 -1.287834838356361779e-04 1.000000000000000000e+00
1.491930465259999968e+06 8.224594538090000293e-04 3.989739436339999656e+01 2.022051480778724653e+01 2.488086311308969911e+01 8.186087201691519821e-01 1.219976059835693460e+00 8.066392683389477236e-01 9.052625041478028804e-08 9.991444351575332616e-01 2.460749862602734173e-04 0.000000000000000000e+00
2.065009997560000047e+06 2.609267484979999920e-03 3.975475278300000070e+01 2.372533695952768085e+01 7.851205279911970081e+01 2.149352391412879371e+00 1.351490156874899595e+00 6.518612288877490002e-01 9.052696123352648532e-08 9.981385307189044598e-01 -4.178561546650656723e-04 1.000000000000000000e+00
2.420148055740000214e+06 2.945803589530000214e-03 3.869615503890000241e+01 2.516989162292718163e+01 8.512157549386850519e+01 2.177129142598664302e+00 1.403816548577868861e+00 6.223596244160807256e-01 9.052581884341818220e-08 9.976763035766468279e-01 -8.751304769308575508e-04 1.000000000000000000e+00
2.007616233000000007e+06 1.999493727970000009e-03 4.923506635489999894e+01 2.746349230544654318e+01 8.292127708769547212e+01 1.918341877705647791e+00 1.286837328603285036e+00 6.950540131110133357e-01 9.052990308863607816e-08 9.987508297629664744e-01 -6.450510580112856635e-05 1.000000000000000000e+00
2.748060694389999844e+06 2.368804697829999910e-03 3.216893297770000260e+01 2.335071424645932936e+01 5.188220007110984966e+01 1.446570673920737571e+00 1.374354742729129386e+00 6.711429871622843768e-01 9.052175710155975347e-08 9.979025655254829541e-01 -6.021163779137054086e-04 1.000000000000000000e+00
1.542271537719999906e+06 2.419395085830000191e-03 3.097068272839999992e+01 1.700211789883687885e+01 5.005726389584292946e+01 2.010668016720955631e+00 1.355832361135260511e+00 6.859708005373921225e-01 9.052238478545249876e-08 9.980135875200232265e-01 -2.615492210582168222e-05 1.000000000000000000e+00
2.353930744990000036e+06 2.402963887560000036e-03 4.759236871760000298e+01 2.899074314716825995e+01 9.470815356070067992e+01 2.058662969628299866e+00 1.334114194445374491e+00 6.570639252266115005e-01 9.052917016435603387e-08 9.984617887189322083e-01 -5.773397477074088558e-04 1.000000000000000000e+00
2.042748022390000056e+06 2.410522111119999932e-03 3.062085336000000169e+01 1.940125767493863052e+01 4.903105055606640406e+01 1.691786904679973391e+00 1.352094668760937646e+00 6.795985386901653991e-01 9.052230066396441571e-08 9.979740298889500094e-01 -1.309823384441656242e-04 1.000000000000000000e+00
2.940498925059999805e+06 2.921685313439999904e-03 4.615097906430000307e+01 3.166326667223400193e+01 1.099610707648962915e+02 2.159286670816708220e+00 1.458227558533203405e+00 6.162858413964151794e-01 9.052663800514811835e-08 9.977527899598427341e-01 -1.597190277132025729e-03 1.000000000000000000e+00
2.656582357040000148e+06 1.214641938979999902e-03 3.310743286190000134e+01 2.345931297961707074e+01 2.777606229116281256e+01 7.703255921943320539e-01 1.250903444612650128e+00 7.921531251818116903e-01 9.052294619367916427e-08 9.989737824057736137e-01 2.265448116175147774e-04 0.000000000000000000e+00
1.063530703539999900e+06 6.873714675330000424e-04 4.201485442759999955e+01 1.774747939270859121e+01 2.247139015487083213e+01 8.590915697427986553e-01 1.223050181263143354e+00 8.020916242612405878e-01 9.052671917636307286e-08 9.991976426373473386e-01 2.448384460625592203e-04 0.000000000000000000e+00
2.599447973979999777e+06 2.732497575249999942e-03 3.910165813780000121e+01 2.629035574591213731e+01 8.020227571937387268e+01 1.951046584151117758e+00 1.396911396375114078e+00 6.328578859934778089e-01 9.052557643295715539e-08 9.978496456986515328e-01 -9.381522132006845770e-04 1.000000000000000000e+00
3.050485064559999853e+06 2.587998111639999970e-03 3.464748604510000263e+01 2.601044395634718853e+01 6.335861753333608704e+01 1.560400003501979604e+00 1.428979479271458741e+00 6.510981864629061810e-01 9.052171975470130818e-08 9.975655266168050872e-01 -1.178636753949467578e-03 1.000000000000000000e+00
3.011047679820000194e+06 2.669920822820000175e-03 3.546192353280000020e+01 2.629602174027198558e+01 6.768243277048829043e+01 1.646073457881805258e+00 1.435961686289570771e+00 6.443293398267788685e-01 9.052222390854749395e-08 9.975148406869124296e-01 -1.173505832055369517e-03 1.000000000000000000e+00
2.125446060649999883e+06 7.116540275510000423e-04 4.194533214639999841e+01 2.505805103174543547e+01 2.320750821021121624e+01 5.966203360184865190e-01 1.191233934766746883e+00 8.340171779975404931e-01 9.052722352106890300e-08 9.993379712272560944e-01 3.283882091033751187e-04 0.000000000000000000e+00
8.000621880360000068e+05 1.388341572210000053e-03 4.372072606289999896e+01 1.585940588666792195e+01 4.817941487191503569e+01 2.096880642786519644e+00 1.319815926544348983e+00 7.247914992448020177e-01 9.052651131397575111e-08 9.989308096026213724e-01 1.273489457889966785e-05 0.000000000000000000e+00
2.548439972750000190e+06 1.802800832699999901e-03 3.388797809889999968e+01 2.338196276737389923e+01 4.269238146118759403e+01 1.188512281445340157e+00 1.299820577824243761e+00 7.247814934322283076e-01 9.052356433514121544e-08 9.985846754749981846e-01 1.970760227179334999e-05 0.000000000000000000e+00
1.657733971320000011e+06 2.407204474610000200e-03 4.981593637030000110e+01 2.517637271248670672e+01 1.016013722402717576e+02 2.597858401588465149e+00 1.324043903606664019e+00 6.668559670991278665e-01 9.053007957938727744e-08 9.985318080218751335e-01 -1.184838453617455273e-04 1.000000000000000000e+00
2.927668598379999865e+06 2.476205309900000179e-03 4.672753212359999964e+01 3.188967608035916257e+01 9.494674097045866290e+01 1.849200380893554652e+00 1.386870733582873827e+00 6.468186395759848439e-01 9.052750678117752171e-08 9.982703100187544365e-01 -1.188550431079289042e-03 1.000000000000000000e+00
2.196986728399999905e+06 2.029530871500000080e-03 4.866758336160000198e+01 2.848085809066389373e+01 8.271599125098896366e+01 1.835109090667858656e+00 1.291883494763224727e+00 6.939792543618552578e-01 9.052967751097492527e-08 9.987388862093388164e-01 -1.816455811382765523e-04 1.000000000000000000e+00
8.019789888310000533e+05 2.586756387560000103e-03 4.688477451899999693e+01 1.673265612910837419e+01 9.968674657091528957e+01 4.078554425143772200e+00 1.401029044996072503e+00 6.396313819651882060e-01 9.052601646767665999e-08 9.985821388453993697e-01 -3.376211593432671765e-04 1.000000000000000000e+00
2.861871730570000131e+06 1.460369158039999914e-03 3.335460415509999876e+01 2.448507522492550237e+01 3.376995511254700233e+01 8.915717707438555184e-01 1.271942613598594951e+00 7.649218772102571728e-01 9.052291147513011270e-08 9.988331464366803081e-01 2.028276564448048061e-04 0.000000000000000000e+00
1.394403961110000033e+06 6.588434476050000418e-04 4.696452654670000015e+01 2.209180913317096184e+01 2.545489433124456369e+01 7.564377570950839846e-01 1.191792592869328038e+00 8.193089198438801013e-01 9.052874698169986471e-08 9.993250606001380376e-01 2.857081507795168791e-04 0.000000000000000000e+00
8.869866623789999867e+05 9.131526217190000412e-04 4.979638513729999971e+01 1.841053566330394986e+01 3.851893232696114922e+01 1.411705706465330667e+00 1.248947815191919553e+00 7.666377713500431845e-01 9.052883797570044869e-08 9.991913539650789655e-01 1.312694631529792862e-04 0.000000000000000000e+00
2.791382637719999999e+06 9.127953009999999808e-04 3.461491883459999741e+01 2.486375351112300791e+01 2.231528905533198426e+01 5.788433988667942565e-01 1.223222047994859674e+00 8.257577523031525146e-01 9.052372107710825888e-08 9.991809999293417288e-01 3.222421734562391543e-04 0.000000000000000000e+00
2.853716978430000134e+06 1.656341630739999920e-03 3.386837948680000210e+01 2.473208780083991698e+01 3.919003832352318994e+01 1.022790970240252451e+00 1.290653801338862650e+00 7.412002802951511704e-01 9.052313375676673922e-08 9.986949462782379605e-01 2.301039012675189921e-05 0.000000000000000000e+00
9.340272527980000013e+05 7.697105642380000197e-04 4.035200246779999844e+01 1.613571110908727135e+01 2.368422777265564605e+01 1.010457585286413051e+00 1.243221472217930668e+00 7.881032495926540982e-01 9.052583794736940343e-08 9.991204828954758366e-01 1.980585563966105408e-04 0.000000000000000000e+00
7.061217249089999823e+05 2.161677412209999944e-03 4.898802995129999971e+01 1.622619851084821718e+01 8.897335991674299294e+01 3.771532309878006473e+00 1.399031823802107555e+00 6.570617487156155123e-01 9.052672816519010566e-08 9.988213208044572911e-01 -3.055087584433962113e-04 1.000000000000000000e+00
1.861511549859999912e+06 2.959914289409999993e-03 3.861093023520000145e+01 2.203814739719675941e+01 8.524691621304205569e+01 2.540359852329788115e+00 1.377033885853034878e+00 6.366953158338474195e-01 9.052659491712511905e-08 9.978777193843060278e-01 -4.539741410330644053e-04 1.000000000000000000e+00
1.634311043449999997e+06 1.928085509710000074e-03 3.238963835530000068e+01 1.810011978360233087e+01 4.266478719579357204e+01 1.594559456662204777e+00 1.316441133981857803e+00 7.185492242009507979e-01 9.052327177410564691e-08 9.983756408002528726e-01 4.007410073305601403e-05 0.000000000000000000e+00
3.007809892049999908e+06 6.615557452649999722e-04 3.080395685079999879e+01 2.364773709844517313e+01 1.357720419327697492e+01 3.730938432463031806e-01 1.229351728398994981e+00 8.517331601982004452e-01 9.052095516405395262e-08 9.991830177274498848e-01 4.089786814650156564e-04 0.000000000000000000e+00
2.280757652149999980e+06 1.837256504159999991e-03 4.333116792199999878e+01 2.659802461359666381e+01 6.290780479560122274e+01 1.509977887187538448e+00 1.280917328445171366e+00 7.137637742793578877e-01 9.052804178108233156e-08 9.987693717690315776e-01 -2.926105717798909908e-05 1.000000000000000000e+00
1.311409893919999944e+06 2.093130283250000181e-03 4.474963337420000187e+01 2.066192858785410280e+01 7.521676104253951678e+01 2.414005104496779630e+00 1.322636342344979843e+00 6.936758925255023245e-01 9.052822566550177995e-08 9.985892961764344378e-01 -2.854961169317416793e-05 1.000000000000000000e+00
2.592520480630000122e+06 1.385363845450000072e-03 4.851617194560000002e+01 3.086636659862847054e+01 5.619889596821224842e+01 1.136473043900536384e+00 1.227493164925033353e+00 7.580985072173784811e-01 9.052949178102205226e-08 9.991474762580173641e-01 1.653736656049259836e-04 0.000000000000000000e+00
2.447256721859999932e+06 1.317011923439999907e-03 3.953705731659999856e+01 2.572186999320447498e+01 3.930342204449124921e+01 9.804730720031906710e-01 1.238558706591047942e+00 7.724967562597833126e-01 9.052645021888796852e-08 9.990331637957551303e-01 1.932769389036667661e-04 0.000000000000000000e+00
3.094368029579999857e+06 2.933194985320000149e-03 3.080182249279999951e+01 2.398434209911524562e+01 6.019212823111583077e+01 1.627374129916242085e+00 1.492907713982999152e+00 6.313339617281981120e-01 9.051820171425830089e-08 9.964896472977744502e-01 -1.464210552096791755e-03 1.000000000000000000e+00
1.345383112919999985e+06 2.242628594700000165e-03 4.910131875350000286e+01 2.243635848673488553e+01 9.262564275021831861e+01 2.703981093256919710e+00 1.328254798851148832e+00 6.805371181055331897e-01 9.052954224662038934e-08 9.986086577756514426e-01 -4.710458346639744519e-05 1.000000000000000000e+00
1.053749400420000078e+06 9.551875192920000540e-04 4.529312956599999751e+01 1.868970448756867953e+01 3.495193936831950765e+01 1.258979147654538222e+00 1.248284924648010108e+00 7.726132810645734983e-01 9.052781110455303972e-08 9.991014771433731623e-01 1.459231492751696503e-04 0.000000000000000000e+00
1.538078821539999917e+06 1.589336853109999965e-03 3.115450198339999943e+01 1.705451695536940093e+01 3.317655734997274664e+01 1.327898087119413928e+00 1.302257720422167031e+00 7.467187391317242628e-01 9.052219478774489978e-08 9.985219819122944651e-01 8.025109190182112893e-05 0.000000000000000000e+00
1.798221684899999993e+06 2.407484103190000047e-03 4.505640390960000019e+01 2.431915759839521129e+01 8.740421211720644123e+01 2.325706247606561750e+00 1.328636794223839512e+00 6.724516654370430446e-01 9.052884504282758369e-08 9.984372467846382992e-01 -1.478884908816238057e-04 1.000000000000000000e+00
3.013263447370000184e+06 2.100425232430000108e-03 4.269782249229999849e+01 3.023655889772264160e+01 7.034770966828607186e+01 1.456794679385910118e+00 1.339999838171349156e+00 6.831637326170190150e-01 9.052645531677004202e-08 9.985218416125636320e-01 -7.264345005798628031e-04 1.000000000000000000e+00
3.058729601160000078e+06 1.868080622939999975e-03 4.945368719929999912e+01 3.401175705450017261e+01 7.798799884540615324e+01 1.410135070156898873e+00 1.299734700604825433e+00 7.001109286226060435e-01 9.052885882708159301e-08 9.988532585495590865e-01 -5.590906381119105763e-04 1.000000000000000000e+00
1.463970029889999889e+06 1.142012302200000025e-03 3.624410064559999967e+01 1.863818447283896873e+01 2.991306526427700874e+01 1.080905921944830039e+00 1.257799873303178773e+00 7.771033169444278021e-01 9.052471341078521387e-08 9.988888384520347996e-01 1.692166666901961599e-04 0.000000000000000000e+00
2.405705609670000151e+06 1.787270595210000085e-03 3.054200801920000075e+01 2.101376870114789241e+01 3.621352786359141618e+01 1.139883289844361380e+00 1.306405390670727806e+00 7.321682186386723190e-01 9.052160604152483237e-08 9.984837927011724901e-01 1.138442135413530060e-04 0.000000000000000000e+00
2.797257097959999926e+06 2.958501692940000184e-03 3.327684482810000333e+01 2.416475050571346728e+01 6.817406323518926570e+01 1.827357423485792776e+00 1.451747740066894998e+00 6.240953906498394321e-01 9.052159824216704299e-08 9.970317244164458304e-01 -1.231102686407624294e-03 1.000000000000000000e+00
1.245210984859999968e+06 2.331483621470000107e-03 4.789302584629999870e+01 2.118532817666739376e+01 9.276303044062159131e+01 2.892698830352286254e+00 1.339198950168573932e+00 6.729024938290439906e-01 9.052900631039993329e-08 9.985479995496070460e-01 -8.094243508337332612e-05 1.000000000000000000e+00
3.106971607199999969e+06 7.612881049580000207e-04 3.845311842929999813e+01 2.838421144994794787e+01 2.179116940495215715e+01 4.853475072313184757e-01 1.199258708383267313e+00 8.419985234420909181e-01 9.052567458498045639e-08 9.993407373522608106e-01 3.692028991015672387e-04 0.000000000000000000e+00
9.328615241529999766e+05 1.536794367440000048e-03 4.349761438230000010e+01 1.705953490047890853e+01 5.292343970379124585e+01 2.117552962545647510e+00 1.316366928912647394e+00 7.218359561714876582e-01 9.052685092623281655e-08 9.988345598568025840e-01 1.162657133063249958e-05 0.000000000000000000e+00
