3.012228520649999846e+06 2.251279447420000048e-03 4.681122170969999985e+01 3.239037357839205100e+01 8.655427338158332873e+01 1.655736304679571225e+00 1.359731369162050507e+00 6.651903010418784845e-01 9.052760994596452887e-08 9.984753614321876247e-01 -9.545942461246774034e-04 1.000000000000000000e+00
1.232937691550000105e+06 2.569657003550000068e-03 4.930456297189999759e+01 2.154494635168196837e+01 1.067923080659533497e+02 3.266337358089665521e+00 1.354196176857600298e+00 6.553781231637372251e-01 9.052930126945171172e-08 9.984693261785826390e-01 -1.024933830436062832e-04 1.000000000000000000e+00
1.912168332110000076e+06 2.732367385869999884e-03 4.792586177870000341e+01 2.626636808488595420e+01 1.088248641801966841e+02 2.650118415655128512e+00 1.350844721011062344e+00 6.412967884933533647e-01 9.052966499093172459e-08 9.982948866386673892e-01 -4.463490163847030749e-04 1.000000000000000000e+00
2.925238649970000144e+06 1.549338653270000091e-03 4.080383031329999710e+01 2.879491946313430617e+01 4.847657183001361858e+01 1.061988132862432765e+00 1.268819213405425472e+00 7.446838645833376846e-01 9.052601463697561606e-08 9.989136043348635363e-01 -2.148805609865017479e-05 1.000000000000000000e+00
2.110602348019999918e+06 6.305568184599999676e-04 3.131327332409999897e+01 2.005437248625763047e+01 1.326328415490852741e+01 4.405382243031139566e-01 1.237626740135656878e+00 8.479213567507071225e-01 9.052051267484471187e-08 9.991208161835992696e-01 3.808900214386144950e-04 0.000000000000000000e+00
1.737564428529999917e+06 1.760001098450000075e-03 3.647082635070000123e+01 2.040042327175193648e+01 4.653347533811782455e+01 1.515484496213334031e+00 1.298638109650619876e+00 7.267348642992533803e-01 9.052474708089698712e-08 9.985714050837897204e-01 5.753594246514264138e-05 0.000000000000000000e+00
1.949630303000000073e+06 6.060729797059999542e-04 3.328838172340000057e+01 2.017925658328331906e+01 1.397327130842092480e+01 4.608179111669241657e-01 1.228239381124832663e+00 8.464443265360312996e-01 9.052194202997528790e-08 9.991723863707301367e-01 3.767813865793042359e-04 0.000000000000000000e+00
2.639587136229999829e+06 2.004542803510000071e-03 4.529919720899999902e+01 2.958321690747417065e+01 7.336437755219887435e+01 1.557984864694088589e+00 1.308842752421246924e+00 6.860035102135061402e-01 9.052781582235369503e-08 9.986573500438191697e-01 -4.093756252548358789e-04 1.000000000000000000e+00
1.524613108049999923e+06 6.141974131139999599e-04 4.966306890709999777e+01 2.408876343127933595e+01 2.580432227144461876e+01 6.941767581246088836e-01 1.185260193057880551e+00 8.316698377587617985e-01 9.052922807815276155e-08 9.993913678201766793e-01 3.172943507512747331e-04 0.000000000000000000e+00
1.009986844769999967e+06 7.502608614540000288e-04 3.258587729220000284e+01 1.429352807191992092e+01 1.675292185283048596e+01 8.221790238558037700e-01 1.260142723673902676e+00 7.982892820247738941e-01 9.052192963126954368e-08 9.989676267811608001e-01 2.367632826946046464e-04 0.000000000000000000e+00
2.292025048599999864e+06 1.208146859549999973e-03 3.401684687550000064e+01 2.223769340078422729e+01 2.877364999821387315e+01 8.486127213884689935e-01 1.255652112183350155e+00 7.900009112937227407e-01 9.052291089458880519e-08 9.989268370870298952e-01 2.210662720950146382e-04 0.000000000000000000e+00
1.984095460509999888e+06 7.389170375169999911e-04 4.673824277429999796e+01 2.625699877518309577e+01 2.834251565414258067e+01 6.904843503396388416e-01 1.183216838031734053e+00 8.271005031818819964e-01 9.052890380710022255e-08 9.993698051214886524e-01 2.972947815360266807e-04 0.000000000000000000e+00
2.581391390089999884e+06 1.756946881270000016e-03 4.913495186610000331e+01 3.109419708124470816e+01 7.264045878656955324e+01 1.456561987705192740e+00 1.272821372647246152e+00 7.106624468648752302e-01 9.052916954782094801e-08 9.989014792837386247e-01 -1.697815726750515650e-04 1.000000000000000000e+00
1.034128264940000023e+06 2.675364733420000033e-03 3.434804852610000125e+01 1.504607672721810374e+01 6.465025529849586405e+01 2.990059955946958503e+00 1.404754915940731319e+00 6.501917638885267303e-01 9.052116165993829363e-08 9.980064782630047038e-01 -1.715548438358399392e-04 1.000000000000000000e+00
2.651834796349999961e+06 2.582903111829999796e-03 3.411587353899999897e+01 2.397177106673295199e+01 6.178413972188814540e+01 1.671423869978319932e+00 1.395513242329350145e+00 6.469821108775133389e-01 9.052240888800913808e-08 9.977329860653392224e-01 -7.847987039668936383e-04 1.000000000000000000e+00
2.447776036400000099e+06 1.687721526590000003e-03 4.193327549199999993e+01 2.688527276391384646e+01 5.501398635573083595e+01 1.304278075125236080e+00 1.268377330744454135e+00 7.277843260453411567e-01 9.052742019675069446e-08 9.988471452051752575e-01 2.533785640348105420e-05 0.000000000000000000e+00
2.464718170799999963e+06 2.508535410400000113e-03 3.086258072709999922e+01 2.143716396437661587e+01 5.163007297581118848e+01 1.588286052221438815e+00 1.380925204403888218e+00 6.623181974886365175e-01 9.052085701433631501e-08 9.977377606122473930e-01 -4.953351810286922129e-04 1.000000000000000000e+00
7.068522203620000510e+05 1.073935071859999976e-03 4.409254998240000134e+01 1.500195098791150272e+01 3.774504903988311355e+01 1.751634183680503165e+00 1.313942818276540248e+00 7.420652599545105588e-01 9.052605525278618387e-08 9.990646936365692454e-01 8.287640889304268607e-05 0.000000000000000000e+00
7.734135851379999658e+05 7.071775469940000305e-04 4.919414374509999988e+01 1.703532680865124860e+01 2.929090003307690182e+01 1.173895722018777787e+00 1.238438711503103695e+00 7.789352216038795129e-01 9.052857336224191409e-08 9.992868769708729282e-01 1.836425399149530522e-04 0.000000000000000000e+00
9.479063970599999884e+05 1.991863272450000028e-03 3.452024001209999682e+01 1.445931100733317543e+01 4.849582795971264915e+01 2.348473684576863008e+00 1.369466735618797504e+00 6.958942865877594253e-01 9.052188851341530855e-08 9.983826362559415912e-01 -4.444868504099272103e-05 1.000000000000000000e+00
7.340507753869999433e+05 2.667384229530000116e-03 4.351993174940000131e+01 1.513870485939209942e+01 9.192889337275265405e+01 4.221651525422297269e+00 1.421603133280495035e+00 6.336734061774287330e-01 9.052386743609354088e-08 9.985197889758984369e-01 -2.603610072300544692e-04 1.000000000000000000e+00
8.133549933980000205e+05 2.730982968970000011e-03 4.280353233799999657e+01 1.573835341739223992e+01 9.180631422938721187e+01 4.031108941094823095e+00 1.409204009206265873e+00 6.347356722558833431e-01 9.052414339030345125e-08 9.984310918910702659e-01 -3.159865293719838365e-04 1.000000000000000000e+00
7.970707401880000252e+05 2.984630028549999873e-03 4.941160626749999807e+01 1.735120654579451127e+01 1.244423222329692322e+02 4.882839371832583986e+00 1.426247511948843361e+00 6.118339799128776901e-01 9.052606530036807097e-08 9.984645313768822916e-01 -3.046841585654551442e-04 1.000000000000000000e+00
9.439488417200000258e+05 1.018107195349999931e-03 3.102934406600000017e+01 1.332027503979310268e+01 2.112450513909533356e+01 1.124999948834218388e+00 1.293949810941770862e+00 7.723960673198193572e-01 9.052088348984032418e-08 9.987788275718149089e-01 1.474499620210444138e-04 0.000000000000000000e+00
2.389501269989999942e+06 2.911377700220000187e-03 4.000016722339999831e+01 2.563949725091419651e+01 8.841488903431331892e+01 2.213775134809973455e+00 1.400870374257749518e+00 6.187880449141616168e-01 9.052601816170756145e-08 9.977391909006539938e-01 -9.009602760138471066e-04 1.000000000000000000e+00
2.844152280199999921e+06 2.445020399519999988e-03 3.267908416339999889e+01 2.403744743065827905e+01 5.483040412268746167e+01 1.478646433657371251e+00 1.395415235783623586e+00 6.609868725518174282e-01 9.052090096496614020e-08 9.977426932323311126e-01 -7.636135336686085536e-04 1.000000000000000000e+00
2.242977570319999941e+06 1.467250857529999938e-03 4.710239321609999763e+01 2.808045966143074779e+01 5.693810082589171628e+01 1.283971337868941021e+00 1.245159891920821105e+00 7.490541129286127919e-01 9.052880506856595082e-08 9.990188852221394411e-01 1.409870225128632341e-04 0.000000000000000000e+00
2.157500461190000176e+06 2.565624571089999799e-03 4.247126369120000078e+01 2.548334026074638459e+01 8.524521797405478196e+01 2.149466579843206659e+00 1.353400166022103113e+00 6.503151713650674459e-01 9.052744097270282691e-08 9.981982389373970088e-01 -4.782708267117549749e-04 1.000000000000000000e+00
2.632415729439999908e+06 1.173471993990000050e-03 4.165369777059999734e+01 2.774130753233504620e+01 3.786929465990989740e+01 8.659947282368382071e-01 1.227206371297427934e+00 7.908200096570882076e-01 9.052671449526452721e-08 9.991466344968756852e-01 2.328823540169368972e-04 0.000000000000000000e+00
2.960476940719999839e+06 2.469045498759999888e-03 3.970188452109999844e+01 2.837910532177361489e+01 7.414466723515482727e+01 1.651741782451439544e+00 1.394884527121122542e+00 6.539766228615425669e-01 9.052484807506985947e-08 9.980401797760032334e-01 -1.033039743031194000e-03 1.000000000000000000e+00
1.858066796460000100e+06 1.151800049299999979e-03 3.805275846269999818e+01 2.177859138870107358e+01 3.245566067030689084e+01 9.804473764986737505e-01 1.245876833369323311e+00 7.860358770844309007e-01 9.052516360511086860e-08 9.989739470904300811e-01 1.951779973756444134e-04 0.000000000000000000e+00
2.012624646189999999e+06 2.270369556550000043e-03 3.581809477830000077e+01 2.166046478613123227e+01 5.842307630092747672e+01 1.775966094231165471e+00 1.328956347442144859e+00 6.839251165343315231e-01 9.052525972530413326e-08 9.982784401155228027e-01 -1.061710679043478454e-04 1.000000000000000000e+00
7.712548993760000449e+05 2.287216680280000202e-03 3.828837718310000326e+01 1.409641590154879154e+01 6.504919007917260387e+01 3.244131733854154653e+00 1.397354644545734548e+00 6.614987622802904754e-01 9.052246878732659917e-08 9.984954976279980521e-01 -2.910939113738044673e-04 1.000000000000000000e+00
1.803996710720000090e+06 1.004358065659999907e-03 4.280813450429999989e+01 2.344078301010715393e+01 3.376853112888138497e+01 9.373688385322044292e-01 1.223377279064917555e+00 7.985947089353381267e-01 9.052715504369903230e-08 9.991320349493888475e-01 2.185731773227049502e-04 0.000000000000000000e+00
3.054365331030000001e+06 2.377568268299999881e-03 3.686187728779999873e+01 2.726484886472765368e+01 6.387535312319739944e+01 1.490123843998834241e+00 1.393694887213943190e+00 6.645287569194540112e-01 9.052330302284320472e-08 9.979941129933316279e-01 -9.967476216685257698e-04 1.000000000000000000e+00
1.749022924180000089e+06 2.178925619090000144e-03 3.920737007780000027e+01 2.160891951694170743e+01 6.421376255734766403e+01 1.957349326110724652e+00 1.318663008632745326e+00 6.924865556011906564e-01 9.052676459603252579e-08 9.984297659548799775e-01 4.154034485723088315e-06 0.000000000000000000e+00
8.479263596479999833e+05 2.289326469430000028e-03 3.203489621930000197e+01 1.293022482763797854e+01 4.982839016064502147e+01 2.746835258531115542e+00 1.399441976550191091e+00 6.709787202688156649e-01 9.051874322361420884e-08 9.982103003852184075e-01 -2.052835466668894153e-04 1.000000000000000000e+00
1.921151918049999978e+06 2.022325372340000142e-03 4.666424980250000232e+01 2.580646911270225985e+01 7.738585898815800590e+01 1.923207310795330693e+00 1.298858452914170014e+00 6.922656979723498250e-01 9.052885128127546662e-08 9.986568329245383291e-01 -4.816353608441803339e-05 1.000000000000000000e+00
2.336092830589999910e+06 2.488011467940000158e-03 4.156326717480000354e+01 2.609076568810866448e+01 8.002967271275093708e+01 1.963995374854427434e+00 1.348733783955894605e+00 6.564575235477329018e-01 9.052728520398316467e-08 9.982533699928752835e-01 -5.356663474908772904e-04 1.000000000000000000e+00
1.567278055040000007e+06 2.170337011839999948e-03 3.679697327910000126e+01 1.950480516531813535e+01 5.815398330696640983e+01 1.994317338779449944e+00 1.326495706524349449e+00 6.961101657122079622e-01 9.052560650172094735e-08 9.983600244603517693e-01 2.404748356585353238e-06 0.000000000000000000e+00
1.788794971570000052e+06 8.144534563829999982e-04 4.072686946190000157e+01 2.248539758973715053e+01 2.541101182132112513e+01 7.399526092217493245e-01 1.214709363983912160e+00 8.198099228455347776e-01 9.052621595145576306e-08 9.991978691260122725e-01 2.861398692172635746e-04 0.000000000000000000e+00
1.279890996820000000e+06 1.537752992529999897e-03 3.567050163540000085e+01 1.721979281440968634e+01 3.932643246766109257e+01 1.556654984192243019e+00 1.297357992884950351e+00 7.410770597390042846e-01 9.052445125958930589e-08 9.986441220341544245e-01 5.966154003469980314e-05 0.000000000000000000e+00
1.530854180290000048e+06 2.316724378730000092e-03 3.278934248360000225e+01 1.767974351457777971e+01 5.221647799681245772e+01 2.005069890484613815e+00 1.346069984603304626e+00 6.905744285241129932e-01 9.052350072984637236e-08 9.981475354481538220e-01 -1.859308342729996998e-05 1.000000000000000000e+00
8.489527207209999906e+05 1.897376986739999919e-03 3.362300458819999704e+01 1.341617329084924215e+01 4.440609187502533928e+01 2.345273483949576132e+00 1.371528816417572072e+00 6.977444688489217173e-01 9.052077019705684830e-08 9.984348599485510789e-01 -3.183911944544066459e-05 1.000000000000000000e+00
1.843701535369999940e+06 1.405440530969999944e-03 4.415373243629999678e+01 2.425383350425603624e+01 4.949915108535855524e+01 1.321185812122066983e+00 1.246888578660957148e+00 7.554153226450075476e-01 9.052828034264679541e-08 9.989703652641107601e-01 1.259498666007240794e-04 0.000000000000000000e+00
3.086181015310000163e+06 1.756877619190000059e-03 4.658002156949999772e+01 3.266404601654549822e+01 6.704635665690011592e+01 1.270176240501894149e+00 1.287133444666409554e+00 7.143016332768113985e-01 9.052813799331350806e-08 9.988895589399156005e-01 -4.159173715762879363e-04 1.000000000000000000e+00
1.168482423729999922e+06 1.214009334779999998e-03 3.942819714939999898e+01 1.773682163680241430e+01 3.608000174982761621e+01 1.380309517315472467e+00 1.278965101221034129e+00 7.601665216561119820e-01 9.052530985579109012e-08 9.988571674467255912e-01 1.088277139693934198e-04 0.000000000000000000e+00
2.782361417460000142e+06 9.312956304149999946e-04 4.656863844490000304e+01 3.100890593312240640e+01 3.552728504626017525e+01 7.146399590744469954e-01 1.188445107781272769e+00 8.183989925850303493e-01 9.052891989409849198e-08 9.993742643026052308e-01 2.991594432916553498e-04 0.000000000000000000e+00
6.540796894989999710e+05 2.073399307070000145e-03 3.590344610439999684e+01 1.237020652366257245e+01 5.354529265638224445e+01 3.107795291012011685e+00 1.422776436833799618e+00 6.665020509508363666e-01 9.051983973602285155e-08 9.985752461466093077e-01 -2.553305155070073715e-04 1.000000000000000000e+00
2.280827400090000127e+06 1.036589365999999925e-03 3.833506880390000049e+01 2.426347012888366095e+01 2.953488365932163973e+01 7.879578244062525050e-01 1.228843617024156787e+00 8.060698459413766503e-01 9.052524797719808278e-08 9.991161262497787465e-01 2.503957142425132683e-04 0.000000000000000000e+00
6.916566166890000459e+05 2.851126233860000209e-03 3.204275896459999728e+01 1.168025198664975939e+01 6.207910472825251702e+01 3.852752427755380182e+00 1.456014236468973433e+00 6.279857637703211148e-01 9.051524482461995112e-08 9.981000519252797298e-01 -2.817726297100060480e-04 1.000000000000000000e+00
2.543724551419999916e+06 9.330625179609999559e-04 4.067672082010000167e+01 2.678884620684323181e+01 2.905787093575847990e+01 6.917621729948409959e-01 1.204679864747878471e+00 8.178744883439361679e-01 9.052681155673718349e-08 9.992684831708731341e-01 2.924037850256945136e-04 0.000000000000000000e+00
1.585354677549999906e+06 9.457745694440000120e-04 4.563318851329999859e+01 2.305331304163750161e+01 3.499798169075850041e+01 9.902996788057426558e-01 1.219006011822675761e+00 7.973237111542063049e-01 9.052805372390333658e-08 9.991674325191273187e-01 2.165017509550968189e-04 0.000000000000000000e+00
2.384619616450000089e+06 1.706242604429999933e-03 3.574099529360000105e+01 2.353932770052349355e+01 4.376479414717884708e+01 1.209004085607367163e+00 1.283434071958561296e+00 7.329575830262632374e-01 9.052476753120600598e-08 9.986974330956623902e-01 1.100242004732481389e-04 0.000000000000000000e+00
1.304981342489999952e+06 1.229481935560000063e-03 3.915372798650000163e+01 1.864625021917660419e+01 3.615896373745962933e+01 1.305950442049942595e+00 1.263785977487831946e+00 7.635092971023005326e-01 9.052595630083898323e-08 9.988806805161339897e-01 1.141556734406824584e-04 0.000000000000000000e+00
1.142656646930000046e+06 2.048177415880000126e-03 3.599309347349999655e+01 1.638067421263695422e+01 5.309217034140289826e+01 2.226092401540594512e+00 1.351062222497009691e+00 6.968513002532290557e-01 9.052365004546982521e-08 9.983642680196012087e-01 -4.605380384328859166e-05 1.000000000000000000e+00
1.326952204859999940e+06 1.636555188799999980e-03 3.410820689210000012e+01 1.695435700446171268e+01 3.913390018739770682e+01 1.577008875285884848e+00 1.306264324747978600e+00 7.363486614836476374e-01 9.052375625996378062e-08 9.985573870514864447e-01 5.777002410766161097e-05 0.000000000000000000e+00
2.067906541600000113e+06 1.314517895160000017e-03 3.890290098530000051e+01 2.335938805977503208e+01 3.828896518796221926e+01 1.067110510490694164e+00 1.243712507464694639e+00 7.700054131533671242e-01 9.052626666966718446e-08 9.989638217958901611e-01 1.738482851605488671e-04 0.000000000000000000e+00
2.791076145980000030e+06 1.965632261169999832e-03 3.566975724859999985e+01 2.542848434049519213e+01 5.026742593240403068e+01 1.270644505510786004e+00 1.319973977137125942e+00 7.040102038152165065e-01 9.052403977189525484e-08 9.984774203571559203e-01 -3.030068782579950081e-04 1.000000000000000000e+00
2.505096489589999896e+06 2.227732304639999921e-03 4.378360827510000064e+01 2.809347152176739826e+01 7.747551497665243403e+01 1.746164586905164295e+00 1.325685529977145283e+00 6.731250067993519437e-01 9.052784534106689066e-08 9.984992208464295027e-01 -5.124980965023489838e-04 1.000000000000000000e+00
1.724093235980000114e+06 5.648155795700000436e-04 4.099324955760000222e+01 2.218319776153226641e+01 1.779546463642785525e+01 5.263193947875346446e-01 1.198696614584989106e+00 8.444803058316502353e-01 9.052617303724278634e-08 9.993263982862576889e-01 3.628888002890590472e-04 0.000000000000000000e+00
1.053628466550000012e+06 1.232558079549999968e-03 4.048133750600000269e+01 1.717886254885676678e+01 3.810867221190820686e+01 1.512593712277264135e+00 1.291209759209204222e+00 7.525368761443242960e-01 9.052556289097680359e-08 9.988674453935948438e-01 8.724736073190636845e-05 0.000000000000000000e+00
9.885519351899999892e+05 1.535317299289999920e-03 3.098217848799999885e+01 1.361580196134057985e+01 3.178338988343888971e+01 1.650105297501985868e+00 1.335028487509134498e+00 7.354946437817138083e-01 9.052098921714753046e-08 9.985121164826723517e-01 5.713650879685168590e-05 0.000000000000000000e+00
1.649399083180000074e+06 5.680059147370000207e-04 3.494354477990000163e+01 1.924853188371644919e+01 1.408437050965046033e+01 4.904118260582309152e-01 1.222094784777893128e+00 8.436683368658737248e-01 9.052296076129389982e-08 9.991985879039770868e-01 3.681759521136996130e-04 0.000000000000000000e+00
2.544275972980000079e+06 8.000994804439999844e-04 4.677805189120000051e+01 2.975248356038509456e+01 3.072849781565656713e+01 6.482834784537899742e-01 1.187090072234854077e+00 8.335337974995663535e-01 9.052856499374422477e-08 9.993953589080916133e-01 3.239646500467823972e-04 0.000000000000000000e+00
2.755959605289999861e+06 6.991136925230000045e-04 4.010492180239999982e+01 2.758952327976584584e+01 2.131466265688370854e+01 4.905118433420911916e-01 1.199113638571469798e+00 8.476284962667202105e-01 9.052590188223075053e-08 9.993503886671980529e-01 3.811014391576249879e-04 0.000000000000000000e+00
1.291538072189999977e+06 2.816814210629999937e-03 4.678386115600000039e+01 2.119996627622550989e+01 1.082022871221809766e+02 3.371473405029660420e+00 1.368453720861093181e+00 6.425710367990302707e-01 9.052862653942599350e-08 9.982922979613439995e-01 -1.538529045614278807e-04 1.000000000000000000e+00
2.018857136829999974e+06 9.695370623099999578e-04 4.904202486060000155e+01 2.745924586365322284e+01 3.997156475293114397e+01 9.248865864902112710e-01 1.195299435563335066e+00 8.019854661745238200e-01 9.052965754159088507e-08 9.992895057952780880e-01 2.371298472385134626e-04 0.000000000000000000e+00
7.924014127660000231e+05 1.570305818990000088e-03 3.193061831320000010e+01 1.246917252633752327e+01 3.401178125524903351e+01 1.955822344424559933e+00 1.360330589702560600e+00 7.212531126580754570e-01 9.051976729215061800e-08 9.985554318159997056e-01 8.196441874960589633e-06 0.000000000000000000e+00
2.370364124400000088e+06 1.601134294179999955e-03 3.313735476949999992e+01 2.217458127918897048e+01 3.666390005064590696e+01 1.084857609464249251e+00 1.281853454422479555e+00 7.476557376658544696e-01 9.052329161723587937e-08 9.986993674813753330e-01 1.399094234534296204e-04 0.000000000000000000e+00
1.697383138180000009e+06 1.611435661909999938e-03 4.015234973340000124e+01 2.167118616686183685e+01 4.921682156146613352e+01 1.495259790469791294e+00 1.280025769735557928e+00 7.360082139067148921e-01 9.052635095779707524e-08 9.987348842784112835e-01 7.181240104698572379e-05 0.000000000000000000e+00
2.331274975709999911e+06 2.605832615259999832e-03 4.852322573850000254e+01 2.927308651349782664e+01 1.057316857645070769e+02 2.272768096728424059e+00 1.358192764043602674e+00 6.365468906481377420e-01 9.052909516178162868e-08 9.982943592757861362e-01 -7.077472592529353073e-04 1.000000000000000000e+00
1.604308781650000019e+06 2.814753991269999811e-03 4.140548419499999966e+01 2.155990774568337898e+01 9.002463924533881823e+01 2.751285989214485195e+00 1.366227868155316383e+00 6.387037774145865043e-01 9.052715018331648718e-08 9.980586299718475773e-01 -2.669051894359268044e-04 1.000000000000000000e+00
2.246469803030000068e+06 2.153703316789999916e-03 3.340954266970000219e+01 2.172014437830937794e+01 4.992589024799850961e+01 1.512870795708795013e+00 1.334940587816587421e+00 6.943849721900768879e-01 9.052300593205446262e-08 9.982502796584887816e-01 -1.270705817262472118e-04 1.000000000000000000e+00
1.257111925449999981e+06 2.799551534929999985e-03 4.725210174520000095e+01 2.107231928566127266e+01 1.091576825227221406e+02 3.424948853671142768e+00 1.368220892577562520e+00 6.419633983369360530e-01 9.052865464310598507e-08 9.983134911709966586e-01 -1.292709356859317446e-04 1.000000000000000000e+00
1.292641036839999957e+06 1.525800512269999973e-03 4.871944352989999771e+01 2.186377885852609992e+01 6.228527406366260522e+01 1.873136369431543269e+00 1.275301970397036966e+00 7.336099472721259174e-01 9.052924258829874684e-08 9.989105335901428129e-01 4.214420559979873017e-05 0.000000000000000000e+00
1.121876752369999886e+06 9.801807409840000533e-04 4.451339247869999838e+01 1.903487863225217680e+01 3.494430047094232350e+01 1.232473456650382770e+00 1.246122183748960000e+00 7.739252427741839524e-01 9.052765981483736610e-08 9.990797856540630795e-01 1.465249701735521807e-04 0.000000000000000000e+00
1.238989302170000039e+06 1.698768262060000025e-03 3.001491044080000137e+01 1.488490558414846454e+01 3.353311210842955603e+01 1.570320199830893992e+00 1.325940537884425341e+00 7.340925751805551513e-01 9.052106855870244454e-08 9.983886321073467407e-01 5.589042275771629394e-05 0.000000000000000000e+00
1.900253473310000030e+06 1.047051965819999946e-03 3.009327045470000073e+01 1.847001830155580393e+01 2.074944398111319188e+01 7.576417889567381714e-01 1.267690188610671509e+00 8.041011876769500466e-01 9.052000591966051431e-08 9.988364266860200180e-01 2.449347767964812884e-04 0.000000000000000000e+00
8.143958082230000291e+05 1.697288630539999909e-03 3.124558960810000130e+01 1.243709137541058318e+01 3.558548859052179836e+01 2.052465957374991934e+00 1.360816212277764947e+00 7.144131705840973678e-01 9.052004194777863151e-08 9.984931860056730502e-01 -8.909005329874830150e-07 1.000000000000000000e+00
1.974438640069999965e+06 2.884355567360000032e-03 4.088416320299999995e+01 2.369177900064289588e+01 9.051396948225098527e+01 2.481955120907409995e+00 1.374487589145982902e+00 6.285750220448753645e-01 9.052704631361898661e-08 9.979271456202687407e-01 -5.239525949831175169e-04 1.000000000000000000e+00
2.116389378320000134e+06 1.365594773640000075e-03 3.527557058560000058e+01 2.195901417855117899e+01 3.434528001184072110e+01 1.027732895306904704e+00 1.264032371149400369e+00 7.692001619025629067e-01 9.052382610126780614e-08 9.988359534004687124e-01 1.695723221015941443e-04 0.000000000000000000e+00
1.725789639669999946e+06 5.376403356209999949e-04 4.785811766159999792e+01 2.492700814798911679e+01 2.136778020654841370e+01 5.526479600788047897e-01 1.178618149744387500e+00 8.464226175641297312e-01 9.052872517681743743e-08 9.994377037798113372e-01 3.642555568642845171e-04 0.000000000000000000e+00
1.832122290929999901e+06 1.186951263740000000e-03 4.304446250130000351e+01 2.372054774044032754e+01 4.023860957531250193e+01 1.101831284129316746e+00 1.230740015519343533e+00 7.779511283482164474e-01 9.052781005048319083e-08 9.990641257488299676e-01 1.736044996726844949e-04 0.000000000000000000e+00
8.971023516469999449e+05 1.050765517679999941e-03 3.699652570010000119e+01 1.481669090604988348e+01 2.838450793578589071e+01 1.336292109935196315e+00 1.290537969762526771e+00 7.638630552016699715e-01 9.052359546562783868e-08 9.988970914964543368e-01 1.240802138817656422e-04 0.000000000000000000e+00
2.723604716990000103e+06 2.680448771000000160e-03 3.184263183599999891e+01 2.306950481817240117e+01 5.781693823090193263e+01 1.634662274941248272e+00 1.411349188327774451e+00 6.467918436955825134e-01 9.052133715101518669e-08 9.974550471821822528e-01 -8.514508510856406715e-04 1.000000000000000000e+00
1.415623083989999956e+06 6.044942745379999890e-04 4.476799517239999915e+01 2.147380818785637402e+01 2.173590890982647750e+01 6.673455146918889636e-01 1.198419804138169731e+00 8.303675274411959073e-01 9.052759807433958122e-08 9.993199789148103918e-01 3.183732029394237793e-04 0.000000000000000000e+00
1.282637065020000096e+06 2.229943779680000106e-03 4.791140656280000343e+01 2.150753313398339728e+01 8.877413307551492494e+01 2.720668214519150752e+00 1.330333896672873051e+00 6.815045557064378645e-01 9.052910560111961554e-08 9.985939340755284332e-01 -5.699805866285891852e-05 1.000000000000000000e+00
2.563186884879999794e+06 1.326867565419999903e-03 3.457220503669999800e+01 2.380372713229481363e+01 3.237817326208823232e+01 8.830309729332262991e-01 1.261001049304322663e+00 7.776686190171822055e-01 9.052318169183295732e-08 9.989040693802239135e-01 2.082730390618631763e-04 0.000000000000000000e+00
1.900249523980000056e+06 1.919755435359999990e-03 3.229864476070000023e+01 1.947614764515785168e+01 4.230157136577037846e+01 1.453134967708602288e+00 1.312520945497238634e+00 7.193497531819859070e-01 9.052325757775400188e-08 9.984110407263127041e-01 4.792144486751729931e-05 0.000000000000000000e+00
1.462408144510000013e+06 1.703645405870000094e-03 4.496747998680000080e+01 2.189866944940819238e+01 6.166818635573515905e+01 1.851180602093501992e+00 1.292797889179809534e+00 7.218037500753607949e-01 9.052799487663772133e-08 9.987550754225943406e-01 2.823684260627120658e-05 0.000000000000000000e+00
1.126014946470000083e+06 2.690666129259999817e-03 3.864778190890000076e+01 1.715240509476922881e+01 7.760341211348143986e+01 3.085677041757770578e+00 1.387829621659121049e+00 6.476021183849324236e-01 9.052430647465237751e-08 9.981124533361066531e-01 -1.147569589285145396e-04 1.000000000000000000e+00
2.619661567669999786e+06 1.372504101710000099e-03 4.138281064110000074e+01 2.753893235555929664e+01 4.386092347005572378e+01 1.011501186126191998e+00 1.245879139642596334e+00 7.649853246743132384e-01 9.052660531562478879e-08 9.990235542956130699e-01 1.898360862159869625e-04 0.000000000000000000e+00
2.477317681450000033e+06 2.081639435470000049e-03 3.931386142889999746e+01 2.576971676125027244e+01 6.159680771295715118e+01 1.533327265078670232e+00 1.314698365841662220e+00 6.910270688169058984e-01 9.052628320700294785e-08 9.985084480727182132e-01 -3.003974558844986530e-04 1.000000000000000000e+00
2.701494431340000127e+06 1.816596059629999906e-03 3.926898512310000200e+01 2.688740032805217339e+01 5.366202145290887415e+01 1.272109668208531108e+00 1.298214344293229017e+00 7.127700067726694400e-01 9.052545036086628005e-08 9.986746803434550790e-01 -1.834502901878925282e-04 1.000000000000000000e+00
2.932273643010000233e+06 2.255660602050000175e-03 4.002432903369999906e+01 2.841546782473037780e+01 6.856365942146551617e+01 1.525161661396222001e+00 1.365082363901203744e+00 6.678090903066342676e-01 9.052488614747023112e-08 9.982650994452204607e-01 -8.334036257788975891e-04 1.000000000000000000e+00
2.588680445280000102e+06 7.836102096599999872e-04 4.016314857700000118e+01 2.676822366990496249e+01 2.394285074169212990e+01 5.704975776033933688e-01 1.196692263692734404e+00 8.342608869066733268e-01 9.052652337059106656e-08 9.993295601274894135e-01 3.347527148238568545e-04 0.000000000000000000e+00
1.281128296349999961e+06 1.467224713300000058e-03 4.664033799269999747e+01 2.106575823533526304e+01 5.610134993678925497e+01 1.760875442963937942e+00 1.279335337382268234e+00 7.382020499811694503e-01 9.052823100515560425e-08 9.988827622161353670e-01 4.999599412965713299e-05 0.000000000000000000e+00
7.426657321859999793e+05 6.391038526289999789e-04 4.485474547100000109e+01 1.557623558807403441e+01 2.304720023942983076e+01 1.024141994416476020e+00 1.239548477837185469e+00 7.859990629257896932e-01 9.052723978936501919e-08 9.992690490780747892e-01 2.125409645898925740e-04 0.000000000000000000e+00
2.341395776240000036e+06 1.852549183400000040e-03 4.414361201620000230e+01 2.732736968213290751e+01 6.522373888050078961e+01 1.517573468020581240e+00 1.281052647808318845e+00 7.099937779085223610e-01 9.052826505853546599e-08 9.987761245118911280e-01 -9.304879126634937945e-05 1.000000000000000000e+00
1.014709818560000043e+06 2.700311975620000096e-03 4.597928638439999816e+01 1.854821487338915631e+01 1.010628233920794230e+02 3.672290857085218185e+00 1.391384343407538138e+00 6.430724906944672581e-01 9.052701958351634201e-08 9.983903341241734397e-01 -2.299292006169209167e-04 1.000000000000000000e+00
1.394079058239999926e+06 1.791960914609999926e-03 3.312524847339999923e+01 1.700092600717040270e+01 4.101109775712061634e+01 1.647440500059385915e+00 1.317766701145416830e+00 7.264645493153475408e-01 9.052338086597943122e-08 9.984515318664826111e-01 3.987534933176120432e-05 0.000000000000000000e+00
2.259795467600000091e+06 1.196218206619999950e-03 4.352509803960000312e+01 2.656433217354893017e+01 4.123387877730677076e+01 9.911828126958253105e-01 1.221486592276881833e+00 7.827863145676562384e-01 9.052802184583219712e-08 9.991413314003291246e-01 2.005432259513682597e-04 0.000000000000000000e+00
2.113318759899999946e+06 5.599547059430000058e-04 4.117708175979999652e+01 2.464243925979500105e+01 1.776112171894932601e+01 4.654743612570221845e-01 1.185707758233745412e+00 8.478692587094981414e-01 9.052682205272765878e-08 9.993895552913895086e-01 3.835113527243242575e-04 0.000000000000000000e+00
3.111716742839999963e+06 2.928055575569999801e-03 3.963692777360000008e+01 2.905925890708165227e+01 8.771289354395797488e+01 1.901431151363116578e+00 1.489102572533941959e+00 6.178735309336266246e-01 9.052325442420013932e-08 9.972624364154806242e-01 -1.720071945588110950e-03 1.000000000000000000e+00
1.815108154069999931e+06 1.148701011010000005e-03 4.384798491760000161e+01 2.393993686462638948e+01 4.003737607590517200e+01 1.084773346444856790e+00 1.232600595111178476e+00 7.825054097133868902e-01 9.052760347712854149e-08 9.990738865345737407e-01 1.849751084922066568e-04 0.000000000000000000e+00
1.862846645449999953e+06 2.187024836849999973e-03 4.581708366109999986e+01 2.506505435297058781e+01 8.141961096099652195e+01 2.092468582366833640e+00 1.309969041346378704e+00 6.851882701683952304e-01 9.052903142200865852e-08 9.985808547072291264e-01 -7.022341637027542456e-05 1.000000000000000000e+00
2.479965842389999889e+06 1.448026417350000089e-03 3.026034673390000052e+01 2.118789400547563773e+01 2.893486628416453854e+01 9.021718716222929535e-01 1.286939866363685736e+00 7.691822103867616001e-01 9.052025457498651920e-08 9.986906383701561474e-01 1.863715505098414429e-04 0.000000000000000000e+00
2.812144202860000078e+06 2.371944695689999928e-03 4.597171308200000084e+01 3.087424358190041573e+01 8.875130235444208893e+01 1.794231087920119094e+00 1.365112932223035980e+00 6.492448081254318382e-01 9.052738545047764572e-08 9.983308816164665478e-01 -9.044305153518325101e-04 1.000000000000000000e+00
1.677766074839999899e+06 1.226212240089999926e-03 4.801421734769999716e+01 2.463783894162395072e+01 4.897275910494710160e+01 1.283728604647834226e+00 1.229001584408064396e+00 7.680396141122950437e-01 9.052932199450865193e-08 9.990884148269149057e-01 1.456531141144932551e-04 0.000000000000000000e+00
1.097363706350000110e+06 7.764578694900000017e-04 3.548118505069999884e+01 1.588120313295101482e+01 1.969922839247335133e+01 8.559988488548598840e-01 1.254895323151812070e+00 8.007067008038881717e-01 9.052309892651366925e-08 9.990056162056846212e-01 2.356690544088580982e-04 0.000000000000000000e+00
6.925350516839999473e+05 2.155505048169999941e-03 3.775046851750000343e+01 1.321667334309167607e+01 6.001595316596587537e+01 3.225290200145710440e+00 1.415983980154013944e+00 6.619846363672658995e-01 9.052118928777310871e-08 9.985638730754583525e-01 -2.758850481634160371e-04 1.000000000000000000e+00
3.070276733719999902e+06 1.419257458259999983e-03 3.409879537820000195e+01 2.578413435072928905e+01 3.392375241210965697e+01 8.439195436266266892e-01 1.268747183394366429e+00 7.699335844140662299e-01 9.052314479460482614e-08 9.988896258782776760e-01 1.961047094209208031e-04 0.000000000000000000e+00
1.186159536769999890e+06 1.469928143890000078e-03 4.872767299720000267e+01 2.094656547381761413e+01 6.001969136251913284e+01 1.896196112538311329e+00 1.280181975017957940e+00 7.346119705485144591e-01 9.052906514672091671e-08 9.989281508753505845e-01 4.256785724419097101e-05 0.000000000000000000e+00
2.622947007910000160e+06 1.950010447189999942e-03 3.324597196999999937e+01 2.338344804329822324e+01 4.487243470683014124e+01 1.249111478596771851e+00 1.324826409409263883e+00 7.071183567824508298e-01 9.052225040064056399e-08 9.983953644608584144e-01 -1.527571568467786761e-04 1.000000000000000000e+00
1.298928616510000080e+06 2.052834581919999943e-03 4.058284188550000238e+01 1.910992583065741712e+01 6.370914603884476435e+01 2.236848827001905793e+00 1.331436020322498415e+00 6.964735135576168856e-01 9.052626209374338314e-08 9.984821872059045367e-01 -2.204544931314412470e-05 1.000000000000000000e+00
3.032138337350000162e+06 1.588801390439999921e-03 3.140265010179999905e+01 2.408844402504596616e+01 3.356241522814206490e+01 9.028954021161724741e-01 1.295839682556191086e+00 7.543688385054625467e-01 9.052127657761453309e-08 9.986726196715782766e-01 1.016202700739919987e-04 0.000000000000000000e+00
1.207839844670000020e+06 2.228693777369999875e-03 4.300953716429999929e+01 1.924809572955290093e+01 7.546258858307730577e+01 2.627643933874343141e+00 1.340070123700114912e+00 6.824050339888061423e-01 9.052737349915204610e-08 9.984884642019792311e-01 -6.757272432565853023e-05 1.000000000000000000e+00
2.850659637839999981e+06 1.614525446780000050e-03 3.137099836519999840e+01 2.333879640567089808e+01 3.405426797262401095e+01 9.500529625562321723e-01 1.294249752372300000e+00 7.499213160251834154e-01 9.052154008541279779e-08 9.986509590812385762e-01 1.179375636112361383e-04 0.000000000000000000e+00
1.736194503869999899e+06 5.746905271959999511e-04 3.913666448789999919e+01 2.150040112616291665e+01 1.689055409830407228e+01 5.178436931908159124e-01 1.197537126083279668e+00 8.399417623686789014e-01 9.052588124926693812e-08 9.993081203152721637e-01 3.520616607798523058e-04 0.000000000000000000e+00
2.784304393989999779e+06 1.536150137830000033e-03 4.697369028530000179e+01 3.122186801282701651e+01 5.936764597457619885e+01 1.184811149413347753e+00 1.253136337459502814e+00 7.395807975686997660e-01 9.052844862083318144e-08 9.990226322085363764e-01 -3.567871476137220654e-05 1.000000000000000000e+00
1.373536354389999993e+06 9.393104831419999898e-04 3.158476341400000109e+01 1.628312727686260075e+01 2.001519179806280491e+01 8.450132863781890658e-01 1.268103141666145239e+00 7.995687713104928651e-01 9.052091094822834221e-08 9.988490807886221123e-01 2.247925794280350377e-04 0.000000000000000000e+00
1.419127770199999912e+06 1.198236492120000008e-03 3.861630044040000342e+01 1.924412924157757843e+01 3.451697146329872368e+01 1.202182725833596644e+00 1.258224704515007897e+00 7.693703900683144248e-01 9.052583058501920494e-08 9.989024519978147998e-01 1.380520711748086131e-04 0.000000000000000000e+00
1.722403035189999966e+06 1.550919505219999946e-03 3.660669642010000047e+01 2.036794958662825650e+01 4.123483005648193966e+01 1.345383244631517927e+00 1.282760368786895144e+00 7.454201441786835192e-01 9.052468289284836001e-08 9.986926391638230038e-01 9.771183158363753551e-05 0.000000000000000000e+00
1.702858736610000022e+06 1.591868157569999989e-03 4.553118369989999792e+01 2.385231487264940853e+01 5.870899577172595230e+01 1.597385302544769736e+00 1.269165871804785128e+00 7.337540956652564006e-01 9.052830787200096753e-08 9.988500449070640830e-01 6.784253250406579061e-05 0.000000000000000000e+00
1.677024619639999932e+06 5.106660854180000448e-04 3.493070937720000302e+01 1.940371067512025149e+01 1.265558628085403114e+01 4.366098787124556568e-01 1.210983941946190967e+00 8.454339391877077059e-01 9.052361767156383611e-08 9.992490301729661795e-01 3.809469808919524686e-04 0.000000000000000000e+00
1.171058748080000049e+06 2.579402726139999862e-03 4.696607794159999827e+01 2.024589962186390224e+01 9.966203272136941393e+01 3.274265757310641956e+00 1.362536689087213926e+00 6.544472797814381293e-01 9.052837776293707388e-08 9.984189592997458895e-01 -9.412287926037917710e-05 1.000000000000000000e+00
2.202492595389999915e+06 1.536198123809999917e-03 4.873562144470000135e+01 2.854641839440289175e+01 6.274095679789734703e+01 1.388269221485757487e+00 1.249374274684659891e+00 7.404781954338697236e-01 9.052930189984702270e-08 9.989983638338693073e-01 1.209470901153629453e-04 0.000000000000000000e+00
2.601079635540000163e+06 2.930245909209999982e-03 4.701942834079999756e+01 3.019912432674653502e+01 1.134107519537988793e+02 2.351919815666657421e+00 1.414736271692217828e+00 6.120020494308360259e-01 9.052819614437731974e-08 9.979329555158235054e-01 -1.237949860277397186e-03 1.000000000000000000e+00
2.993600702550000045e+06 2.540047879810000166e-03 3.262789210959999764e+01 2.463191721529550549e+01 5.682763391835887745e+01 1.490041309049957352e+00 1.422719685707040105e+00 6.548319657726900944e-01 9.052009237524840251e-08 9.975222617505709044e-01 -1.002051401261693907e-03 1.000000000000000000e+00
2.753922309940000065e+06 1.444985103320000101e-03 3.184434017739999945e+01 2.319848107051122454e+01 3.117065270861496984e+01 8.756572919951896017e-01 1.275206567836497662e+00 7.678374990516327880e-01 9.052204933812324470e-08 9.987970026665491385e-01 1.965060353521457361e-04 0.000000000000000000e+00
1.997170813779999968e+06 2.450786911280000181e-03 3.612727064749999784e+01 2.171668274736799376e+01 6.388404777654669431e+01 1.936190363634097800e+00 1.342625312430843598e+00 6.699201352217692973e-01 9.052545067562799812e-08 9.981528305163860360e-01 -2.058200896052167516e-04 1.000000000000000000e+00
1.987398746969999978e+06 2.593656081669999929e-03 3.340067088469999845e+01 2.042529865881750695e+01 6.010067061839723124e+01 1.954594142882983387e+00 1.358712791691683019e+00 6.631320504437836494e-01 9.052406573231232163e-08 9.979381082677579728e-01 -2.401705650710800962e-04 1.000000000000000000e+00
2.239173028419999871e+06 6.837459617860000517e-04 4.246769428590000217e+01 2.595956172233803017e+01 2.271521974506124408e+01 5.606937640383906629e-01 1.194685056050124983e+00 8.421775823807764461e-01 9.052693267812658907e-08 9.993524367274521092e-01 3.449572514827315686e-04 0.000000000000000000e+00
2.828108980959999841e+06 2.878775370859999912e-03 4.704525853199999830e+01 3.150246097054129990e+01 1.115104869483960073e+02 2.202602540645991702e+00 1.438871885000231554e+00 6.103136857821417349e-01 9.052715174926295741e-08 9.978321802946491514e-01 -1.434572944092499551e-03 1.000000000000000000e+00
1.877601246240000008e+06 1.537264593440000040e-03 3.701743802600000066e+01 2.144450213811407480e+01 4.156160457866567270e+01 1.278048534662591829e+00 1.277739864839370298e+00 7.472270196763838301e-01 9.052490827403299452e-08 9.987352990714811751e-01 1.152708970902594578e-04 0.000000000000000000e+00
1.499494777599999914e+06 1.021256236309999897e-03 4.734763074309999809e+01 2.304919089733745707e+01 3.994075261294960200e+01 1.130392327254043927e+00 1.227600530258705414e+00 7.854185407863851776e-01 9.052856636527465046e-08 9.991361491761477920e-01 1.815897554434884307e-04 0.000000000000000000e+00
2.220893794739999808e+06 1.414851462130000022e-03 4.105689146299999948e+01 2.520652403498084837e+01 4.468112397086549237e+01 1.140885301832193388e+00 1.245990724086566637e+00 7.602910753609690708e-01 9.052717214702747853e-08 9.989753973712873769e-01 1.545444165490290509e-04 0.000000000000000000e+00
9.460901381149999797e+05 6.822927339549999994e-04 4.218054887520000307e+01 1.678842461294982513e+01 2.243743619775106168e+01 9.144850080442606943e-01 1.228038115835774269e+00 7.974817747360485320e-01 9.052662540036129623e-08 9.991990235396333020e-01 2.325647346607123559e-04 0.000000000000000000e+00
2.053512217889999971e+06 2.028984588869999807e-03 3.084061701990000159e+01 1.955691987089192097e+01 4.171550259510928527e+01 1.426195497418549785e+00 1.322414016728308273e+00 7.106848080992606009e-01 9.052230801460004266e-08 9.982941895345206484e-01 4.423048851943731362e-05 0.000000000000000000e+00
9.656455834419999737e+05 1.069282241799999903e-03 4.629564833050000061e+01 1.818752168462997432e+01 4.043307342923731085e+01 1.502793949334459533e+00 1.265439553824141417e+00 7.582109283520936938e-01 9.052794604302493703e-08 9.990677555508975516e-01 9.984334340202381656e-05 0.000000000000000000e+00
1.994520085089999950e+06 7.244771738079999572e-04 3.977746489230000293e+01 2.332687434453492514e+01 2.181797817193754696e+01 6.090402368096546892e-01 1.200461019765155291e+00 8.303662579514583530e-01 9.052630578252289886e-08 9.992793107773977335e-01 3.123202602271103593e-04 0.000000000000000000e+00
7.511374272720000008e+05 1.080295628589999926e-03 4.286622854499999846e+01 1.514103887682894900e+01 3.639566642855201195e+01 1.671100944239998665e+00 1.306138214664290365e+00 7.461671992397249653e-01 9.052575680091490279e-08 9.990283482792223779e-01 8.861009541502454841e-05 0.000000000000000000e+00
2.602081035509999841e+06 2.634938231599999892e-03 3.988473674760000165e+01 2.669776913582228417e+01 7.967364356433745343e+01 1.904188365874998734e+00 1.389312382896989551e+00 6.345519680000157869e-01 9.052549471159992646e-08 9.979426452091096911e-01 -8.855169758406019383e-04 1.000000000000000000e+00
2.818610639810000081e+06 2.818823189530000016e-03 3.440672663099999795e+01 2.487193524047646065e+01 6.829155718424654253e+01 1.770766147055974127e+00 1.434681775630121559e+00 6.326125723397264533e-01 9.052233601711588502e-08 9.973340488867217246e-01 -1.141209475650437457e-03 1.000000000000000000e+00
2.704662006810000166e+06 2.235381363560000074e-03 4.467339596189999895e+01 2.963485066371937648e+01 8.012337269368637749e+01 1.698106016774411531e+00 1.341247264193411448e+00 6.630792824764671911e-01 9.052733467201539436e-08 9.984471114629168698e-01 -6.541117555077982215e-04 1.000000000000000000e+00
2.185647386919999961e+06 1.226066857340000040e-03 4.230509146930000242e+01 2.557372818485291432e+01 4.049834307176815429e+01 1.017018271137329233e+00 1.233631821523913485e+00 7.806741718724112822e-01 9.052709578021394697e-08 9.990694319201178786e-01 1.937456242978532637e-04 0.000000000000000000e+00
1.320857405520000029e+06 8.632248971340000104e-04 4.404040258660000262e+01 2.048924450488432214e+01 3.028551916535695199e+01 9.814108775813360497e-01 1.219538170471482719e+00 7.955017911208182024e-01 9.052773972531441323e-08 9.991585214962840356e-01 2.102120729926755559e-04 0.000000000000000000e+00
1.516041864779999945e+06 9.119465580610000392e-04 4.786332373129999951e+01 2.336507903838399969e+01 3.624998353382461147e+01 1.010001243089175826e+00 1.215637750496100233e+00 7.976394747803006169e-01 9.052871794579940624e-08 9.992036111595312686e-01 2.165632184729015738e-04 0.000000000000000000e+00
2.374453369330000132e+06 1.477395039330000031e-03 3.092592405990000159e+01 2.107333899574837943e+01 3.050105130185288616e+01 9.569525908553091487e-01 1.279754416673396289e+00 7.638344075215719453e-01 9.052177733989087605e-08 9.987168275474347379e-01 1.642651376280701819e-04 0.000000000000000000e+00
1.759862850659999996e+06 2.269927926550000061e-03 4.555175816610000084e+01 2.425648050197617422e+01 8.377297309267987657e+01 2.235710482187928783e+00 1.322983134889801571e+00 6.764491828389131989e-01 9.052858207182126889e-08 9.984870410633818194e-01 -9.382616187624353535e-05 1.000000000000000000e+00
9.665548248110000277e+05 1.783945303160000030e-03 3.368879731290000024e+01 1.433629384136472140e+01 4.187395091293969074e+01 2.047945410495036089e+00 1.355389740618533789e+00 7.129978172995619090e-01 9.052170830208370720e-08 9.984527965460574528e-01 -1.677721202850950479e-05 1.000000000000000000e+00
2.309165044170000125e+06 2.472080858360000029e-03 4.791479062190000349e+01 2.885952643917496019e+01 9.842404476010000280e+01 2.150641648384669757e+00 1.339866183734213179e+00 6.537593995146953052e-01 9.052930594629089926e-08 9.984283609709405649e-01 -5.946696587130318552e-04 1.000000000000000000e+00
1.417031992300000042e+06 1.548956891710000098e-03 4.754424077889999722e+01 2.247619453276053747e+01 6.095654605948365656e+01 1.775851976681115829e+00 1.273415024695305098e+00 7.341824059310892991e-01 9.052908185062447834e-08 9.988916523404101078e-01 5.089347166028762440e-05 0.000000000000000000e+00
1.072444633619999979e+06 1.978143381630000086e-03 3.978532333990000325e+01 1.710760153557726326e+01 5.959039304098601519e+01 2.376591778840702496e+00 1.350261544221989629e+00 6.958420026472014186e-01 9.052525788167419018e-08 9.985087574505429053e-01 -5.444072382944920561e-05 1.000000000000000000e+00
7.966310509120000061e+05 6.814053445559999957e-04 3.397952052589999994e+01 1.309938983949218461e+01 1.620188516973218995e+01 8.797570815916101461e-01 1.262576682693802521e+00 7.925439626227237522e-01 9.052243622770594970e-08 9.990509909944799150e-01 2.291516589203889840e-04 0.000000000000000000e+00
3.092546307630000170e+06 1.115633972419999981e-03 4.580487605190000266e+01 3.228876298042683146e+01 4.151675905746199646e+01 7.970757502696905750e-01 1.212520554111483406e+00 7.998053725606052433e-01 9.052810071339488546e-08 9.992792596408937023e-01 2.621290166434555994e-04 0.000000000000000000e+00
2.453758531049999874e+06 1.700599890210000020e-03 4.684206371749999676e+01 2.924842224044267169e+01 6.544708713173308468e+01 1.408192196234300253e+00 1.261905987854679889e+00 7.222614266643558878e-01 9.052902604832266506e-08 9.989223020667057362e-01 -3.963635450529455668e-05 1.000000000000000000e+00
8.346455744910000358e+05 1.415856004189999968e-03 4.701701008010000038e+01 1.710613206025609045e+01 5.479434543617158937e+01 2.185531475044337313e+00 1.318238101452760214e+00 7.229892027204040117e-01 9.052733019922927608e-08 9.989523511911280185e-01 6.973989555802281624e-06 0.000000000000000000e+00
3.081262570059999824e+06 2.180959189779999984e-03 4.805668217080000204e+01 3.341097959433026432e+01 8.721925234128761417e+01 1.609812240316066401e+00 1.353346760836030338e+00 6.687997994083064723e-01 9.052790164650622167e-08 9.985512311798383500e-01 -9.704701424105261582e-04 1.000000000000000000e+00
2.500085273130000103e+06 2.150814765999999999e-03 4.827950534010000183e+01 3.020014560572124296e+01 8.661265901099632458e+01 1.796109173252326441e+00 1.311702663765683008e+00 6.764214678434282702e-01 9.052923152482004617e-08 9.986484067280324561e-01 -4.787178405848087673e-04 1.000000000000000000e+00
3.099214732729999814e+06 2.132267376749999877e-03 3.955472706009999939e+01 2.895570511304595129e+01 6.367565119830427278e+01 1.386041228324433439e+00 1.359900199133677656e+00 6.778508160760913226e-01 9.052433586593486606e-08 9.983374497609328602e-01 -7.762228198588985674e-04 1.000000000000000000e+00
1.090188742079999996e+06 1.590892710419999955e-03 3.995565662039999921e+01 1.730390282983037764e+01 4.823279672129974927e+01 1.898508301240551255e+00 1.313368955042435449e+00 7.265206343257820665e-01 9.052597706673860808e-08 9.987125499338144197e-01 3.706149824552297452e-05 0.000000000000000000e+00
7.829576003809999675e+05 1.106688555460000030e-03 4.943205212350000011e+01 1.720224462744387139e+01 4.617134475095208046e+01 1.829744550135364412e+00 1.289166682090891802e+00 7.418814756824334555e-01 9.052840201985075064e-08 9.991273998586731597e-01 7.647409106474688906e-05 0.000000000000000000e+00
2.863926289210000075e+06 1.354034131680000074e-03 4.134288255260000255e+01 2.877338788745640841e+01 4.320807191164590222e+01 9.473855881197034146e-01 1.244834365802036213e+00 7.693172962223927547e-01 9.052642730630592041e-08 9.990526244326836114e-01 1.872557908871343157e-04 0.000000000000000000e+00
8.977098600709999446e+05 1.587709124650000039e-03 3.441762443719999709e+01 1.403987312528632003e+01 3.848366471513789122e+01 1.928209260682558268e+00 1.343032760827589600e+00 7.236347634215952729e-01 9.052197389981158628e-08 9.985860078145016860e-01 7.420837112059978517e-06 0.000000000000000000e+00
7.376489359560000012e+05 1.487876896169999926e-03 4.336854092029999919e+01 1.513615218162514786e+01 5.101094409002374874e+01 2.343032494240719021e+00 1.349628199053073629e+00 7.119448698771480011e-01 9.052554344644864264e-08 9.988946552402088175e-01 -1.298173569814980397e-05 1.000000000000000000e+00
3.025127436189999804e+06 1.620036791309999993e-03 3.414099676509999881e+01 2.561760362367015986e+01 3.879478209307114867e+01 9.723178950827516820e-01 1.296685883068740441e+00 7.455096982095544833e-01 9.052228772269840074e-08 9.986994869797031216e-01 3.290729297336277133e-06 0.000000000000000000e+00
8.205746575589999557e+05 1.846981645009999982e-03 3.151132809010000102e+01 1.256373009160748211e+01 3.921902433898487317e+01 2.235511065205761483e+00 1.369628336353138076e+00 7.033253375787233974e-01 9.051997000872244382e-08 9.984309082845906902e-01 -1.990925461129820971e-05 1.000000000000000000e+00
1.359360721880000085e+06 2.352706015999999917e-03 3.316067309400000340e+01 1.680135771989447235e+01 5.393079390556101771e+01 2.196113289342199959e+00 1.355145164355508358e+00 6.858873846674685693e-01 9.052332015210850124e-08 9.981400492604617369e-01 -4.217578889711006107e-05 1.000000000000000000e+00
1.993894038530000020e+06 1.052094787650000073e-03 4.836917293180000144e+01 2.700766578030612308e+01 4.248562443862061855e+01 1.002002263687054695e+00 1.210146799423645003e+00 7.940427946062373898e-01 9.052909503956814163e-08 9.992201105862694721e-01 2.177711878654174627e-04 0.000000000000000000e+00
1.099020957080000080e+06 7.382201306520000048e-04 3.567511614930000263e+01 1.595829727267918763e+01 1.888287516875124084e+01 8.159539519796130680e-01 1.250448768843352765e+00 8.048133232976250051e-01 9.052319874906010016e-08 9.990334250121527537e-01 2.467857113610760181e-04 0.000000000000000000e+00
1.193942193969999906e+06 1.516299790939999942e-03 3.937880497399999769e+01 1.791216440349558425e+01 4.497933377425980694e+01 1.701388764908850382e+00 1.295628464233355315e+00 7.368534776227062544e-01 9.052597102037990401e-08 9.987344984975170537e-01 5.030944135234750023e-05 0.000000000000000000e+00
2.476389783069999889e+06 1.692729083610000022e-03 4.001131108869999764e+01 2.610694809841225350e+01 5.142754282935436549e+01 1.261174943970345685e+00 1.272927012754984544e+00 7.296633035912922782e-01 9.052664616918487881e-08 9.988102269075918027e-01 2.777516318640945120e-05 0.000000000000000000e+00
1.732705297710000072e+06 1.429950780519999905e-03 4.194006484399999835e+01 2.262266122067187979e+01 4.662285668142856565e+01 1.348159027476741212e+00 1.255074770423533659e+00 7.530058964681146660e-01 9.052748509324844070e-08 9.989001111099984342e-01 1.211964569060977105e-04 0.000000000000000000e+00
1.154531152089999989e+06 2.326770310319999872e-03 4.302245540879999908e+01 1.882277885370323744e+01 7.881891421370487194e+01 2.815993358125139956e+00 1.352445657237823839e+00 6.742605673503375696e-01 9.052714636036167141e-08 9.984473073085921024e-01 -8.071742484895356366e-05 1.000000000000000000e+00
2.841563181640000083e+06 2.299218844309999961e-03 4.426014587089999708e+01 3.016461636071371899e+01 8.127064682438405896e+01 1.687617829826911109e+00 1.359075275905705871e+00 6.580939799062811568e-01 9.052679395973020851e-08 9.983524998147540463e-01 -8.353715901770961128e-04 1.000000000000000000e+00
1.441992491369999945e+06 2.972155233300000175e-03 4.989900519940000123e+01 2.351039534545679999e+01 1.257602709528354268e+02 3.479049872753654515e+00 1.376773724028000689e+00 6.235946141468776682e-01 9.052962986978590148e-08 9.982153579361736639e-01 -3.186192473339960777e-04 1.000000000000000000e+00
2.374952148599999957e+06 2.603549047579999977e-03 4.454304157490000193e+01 2.770906367979928220e+01 9.291155140728828599e+01 2.127547175760295506e+00 1.358873565918484294e+00 6.426371051566346360e-01 9.052818312866433496e-08 9.982273391634293169e-01 -7.162355850663671688e-04 1.000000000000000000e+00
1.745647174399999902e+06 2.289367710719999831e-03 3.016896727159999969e+01 1.773609820832450978e+01 4.553972080109579679e+01 1.742291005021495032e+00 1.352081236278692922e+00 6.921928904383848336e-01 9.052120548056923432e-08 9.980262574090648098e-01 -1.683642447315382331e-06 1.000000000000000000e+00
1.772560368610000005e+06 1.044964421019999902e-03 3.354426761599999907e+01 1.935190708827123629e+01 2.437042594108713089e+01 8.433545739828381960e-01 1.247511709086136067e+00 7.969555253987192778e-01 9.052327049129124189e-08 9.989388727482133579e-01 2.184386392954404225e-04 0.000000000000000000e+00
2.009354671760000056e+06 2.612782788939999826e-03 4.977019401569999957e+01 2.769904640424039854e+01 1.101264023601209345e+02 2.522793581288949483e+00 1.344785815213065172e+00 6.400026400409963845e-01 9.052979791789095458e-08 9.983519546946080236e-01 -4.676034451284407549e-04 1.000000000000000000e+00
2.402831266210000031e+06 6.538517898019999492e-04 3.589386997209999919e+01 2.370480397045875876e+01 1.687889025016916023e+01 4.625382632481923051e-01 1.206841528480303571e+00 8.445575066047493751e-01 9.052434233797908338e-08 9.992814930925905115e-01 3.747131075643602392e-04 0.000000000000000000e+00
1.069647131629999960e+06 2.283303905389999933e-03 4.770527348819999958e+01 1.957738019659591089e+01 9.031241361341049867e+01 3.083944711736200883e+00 1.363315304205292566e+00 6.678374589993381072e-01 9.052805087792557336e-08 9.985543271195143067e-01 -9.242854306588702234e-05 1.000000000000000000e+00
2.270519243629999924e+06 1.894601905970000073e-03 3.723129526129999789e+01 2.368390005325684911e+01 5.166712934823944181e+01 1.417290216022261795e+00 1.297436592604453542e+00 7.148351284741040201e-01 9.052563661170696089e-08 9.986011138487727035e-01 1.943545246975280217e-06 0.000000000000000000e+00
2.183373173599999864e+06 8.931116459630000304e-04 3.551016950870000244e+01 2.241496479671123865e+01 2.268657917919985678e+01 6.630066780945884641e-01 1.222928399683488099e+00 8.193825825780090000e-01 9.052431266647926262e-08 9.991414177561784848e-01 2.810837250699539528e-04 0.000000000000000000e+00
2.492552275450000074e+06 2.132551283079999870e-03 4.597771023010000135e+01 2.906980770274223858e+01 7.980950857667852461e+01 1.729379327340076600e+00 1.316716145623647360e+00 6.761837312605692984e-01 9.052820889059208163e-08 9.985825807694374001e-01 -4.405951136017055222e-04 1.000000000000000000e+00
1.842405447949999943e+06 1.763091800050000041e-03 3.773785302240000306e+01 2.155187270180521253e+01 4.906534458673794319e+01 1.500152381804380708e+00 1.294544007537455910e+00 7.259275064665284827e-01 9.052538781002795640e-08 9.986161983560866151e-01 5.885648699891982204e-05 0.000000000000000000e+00
8.483871187240000581e+05 5.764737079859999936e-04 3.714269867400000180e+01 1.445145721032281116e+01 1.566476311571175728e+01 7.590634972274764580e-01 1.241409912944109850e+00 8.109891680052357943e-01 9.052370985618091669e-08 9.991559606567198548e-01 2.783354062233037987e-04 0.000000000000000000e+00
1.261488440900000045e+06 2.760031179019999809e-03 3.691034677430000244e+01 1.753929969042133408e+01 7.429683627291414894e+01 2.879262454829099926e+00 1.375512756332433195e+00 6.526792735912583243e-01 9.052461810783026107e-08 9.980407122646085538e-01 -9.698969248523937371e-05 1.000000000000000000e+00
1.128206471279999940e+06 1.573971547639999935e-03 4.283623527259999975e+01 1.854651357403513856e+01 5.297219448475929227e+01 1.925038677247467911e+00 1.308847696110949199e+00 7.266553315571711025e-01 9.052669148114756769e-08 9.987585936414867804e-01 3.705963888900837375e-05 0.000000000000000000e+00
2.094341272859999910e+06 2.051281703510000106e-03 3.745622999289999910e+01 2.284947837248222058e+01 5.644760830897141091e+01 1.613634122206049737e+00 1.308359918019078139e+00 6.996220975633702377e-01 9.052591488006436535e-08 9.984835379251809639e-01 -2.006725558312350889e-05 1.000000000000000000e+00
1.134438434080000035e+06 1.785087649540000000e-03 3.174458737559999832e+01 1.485430194848204444e+01 3.832641690484258845e+01 1.799059966285302847e+00 1.337576136410141947e+00 7.222817226285576098e-01 9.052192694455462097e-08 9.983978916320822572e-01 2.912037050509502773e-05 0.000000000000000000e+00
2.635716491669999901e+06 8.827232518159999894e-04 3.446645945769999742e+01 2.408276616761335731e+01 2.144142872862825300e+01 5.769732975923678175e-01 1.222935033641316505e+00 8.270779758548515437e-01 9.052365097769108620e-08 9.991774394143529969e-01 3.201556924469039882e-04 0.000000000000000000e+00
2.005360976139999926e+06 2.248801549480000054e-03 3.491622327809999859e+01 2.121173746605123966e+01 5.569627746111934385e+01 1.734331905234554716e+00 1.334724960187736231e+00 6.834709377326816382e-01 9.052416057482762877e-08 9.982229932318353871e-01 -8.948754975289970319e-05 1.000000000000000000e+00
1.972253842970000114e+06 2.437419537599999804e-03 3.461672531149999799e+01 2.090043903414265003e+01 5.959274703110153126e+01 1.887487294111217517e+00 1.344410941397927939e+00 6.732438688367894386e-01 9.052471551342797222e-08 9.981144228519706063e-01 -1.658510405845593219e-04 1.000000000000000000e+00
2.013077042439999990e+06 2.932276724690000003e-03 3.225552430479999799e+01 2.002593463759529158e+01 6.448300324331262345e+01 2.145293378788504235e+00 1.392500107332856674e+00 6.349309814959904763e-01 9.052267245309042782e-08 9.975063274455324702e-01 -4.746460581586703256e-04 1.000000000000000000e+00
1.678455550370000070e+06 1.908440275849999923e-03 4.753123736850000114e+01 2.445675199539685707e+01 7.507258986150922908e+01 1.984656875321867187e+00 1.292969980732312063e+00 7.035971498111412981e-01 9.052901569717882069e-08 9.987180786547751321e-01 1.136391803644904641e-05 0.000000000000000000e+00
7.044992887480000500e+05 1.653870379119999926e-03 3.325041369729999730e+01 1.211985953138702143e+01 3.806546972445993759e+01 2.262633820488464842e+00 1.379131387155390964e+00 7.043584786402435904e-01 9.052047154780235302e-08 9.986333368840497604e-01 -3.806789344609311639e-05 1.000000000000000000e+00
1.484562082669999916e+06 6.616829949760000534e-04 4.728239338819999915e+01 2.291043251355335642e+01 2.582458173044229710e+01 7.359735356549339524e-01 1.188807053411227388e+00 8.215703784010004451e-01 9.052889295941454720e-08 9.993410200397798704e-01 2.910136460332054609e-04 0.000000000000000000e+00
