Dx	Dy	Vw	C0	A	Rt
1	0.1	3	10000	10	1
0.153279847	0.059709819	2	10872	10	0.20143834
0.098478865	0.737667519	5	10233	12	0.632422682
0.313545539	0.358045937	2	8528	10	0.652801306
0.172093078	0.740476753	1	11914	10	0.466504239
0.833593282	0.322889832	1	11617	12	0.49463121
0.676212231	0.785710178	2	11883	9	0.914940967
0.286950686	0.57408796	4	9912	12	0.221192617
0.897275781	0.125994844	1	9582	9	0.37328066
0.626087044	0.145391675	2	10953	10	0.711276336
0.329926296	0.75132795	5	11401	9	0.59388707
0.138849836	0.804024641	3	9763	9	0.589671503
0.813382688	0.174450261	2	9751	11	0.687697756
0.811170983	0.472264932	5	11208	11	0.665973763
0.566930438	0.157756977	2	11411	11	0.685743515
0.221398423	0.388493914	5	11727	8	0.15148413
0.817397942	0.401086167	3	9109	10	0.974103304
0.735450059	0.014847545	3	11766	9	0.034075562
0.245806628	0.055777658	3	8301	10	0.115590782
0.833805685	0.528816852	2	10110	11	0.36259731
0.391968854	0.640695381	3	8099	12	0.752895516
0.962999745	0.283699048	1	8557	10	0.267911487
0.481927972	0.854445787	1	11696	12	0.098198659
0.603751642	0.228739172	3	11964	10	0.533658307
0.745956433	0.380177013	5	9673	11	0.573559756
0.862522211	0.483236696	3	8723	12	0.947979504
0.420307993	0.551118831	1	9723	10	0.434891349
0.445790317	0.423036457	1	8205	11	0.264612349
0.203120072	0.102809668	2	11934	9	0.81918845
0.419791784	0.884009331	4	11578	11	0.242539525
0.92683684	0.731729839	4	11090	11	0.658712278
0.102323886	0.457435642	5	11315	10	0.749358214
0.345422199	0.182788904	1	10410	10	0.125810071
0.306595089	0.367424884	5	10963	8	0.446237646
0.330463984	0.211326093	2	8993	12	0.370268415
0.285159451	0.954501998	4	10485	12	0.132637915
0.680952229	0.046761927	4	9367	10	0.74853295
0.992697313	0.301975	1	9918	10	0.511080515
0.571965417	0.7202316	5	8838	11	0.818947226
0.980685771	0.684204122	1	9243	11	0.193940094
0.015663294	0.914515531	3	8292	8	0.956253667
0.34252139	0.255155189	2	9266	12	0.149682047
0.603117485	0.041364844	1	8957	10	0.726326124
0.413349634	0.185869238	4	8277	9	0.824402248
0.869958039	0.175204072	5	8650	9	0.767782161
0.536670014	0.178620118	2	10738	12	0.86494061
0.296337798	0.345331815	2	8596	8	0.62261194
0.944211279	0.539749678	4	10563	11	0.961855735
0.027242595	0.779913785	3	11056	8	0.305932834
0.015414913	0.321372638	3	9770	12	0.996182749
0.651090618	0.790980273	1	11066	11	0.372227882
0.957977717	0.609775898	5	9040	11	0.814532223
0.670414092	0.014824318	3	10673	11	0.846245809
0.792826269	0.098329747	2	11554	9	0.844368796
0.539817295	0.511152958	5	11168	8	0.407975541
0.072208022	0.847775111	4	11406	8	0.147411857
0.862512185	0.852334663	2	10235	8	0.984527645
0.683953589	0.080696707	1	10793	12	0.116472513
0.608773741	0.886814218	1	10537	11	0.834081755
0.710571424	0.420704204	4	9440	10	0.969969716
0.296821525	0.060903432	2	10853	8	0.029147662
0.236187888	0.85494051	5	10921	9	0.737739694
0.365070209	0.387673152	5	8645	9	0.216613847
0.449314072	0.351267536	1	9204	11	0.773421833
0.039642602	0.380108173	4	8556	11	0.214766399
0.375248736	0.772119885	5	9008	11	0.053300929
0.768095742	0.840427973	4	9627	12	0.533314398
0.478374784	0.673018622	2	11031	8	0.130942554
0.116179984	0.312787575	1	11945	8	0.881170689
0.799560254	0.83756585	5	10286	8	0.103033174
0.704142753	0.24082202	1	10672	8	0.602828274
0.435084965	0.425303512	2	11558	8	0.209733087
0.786717267	0.041082076	5	9444	8	0.49758486
0.101909624	0.768281159	1	9831	8	0.919673368
0.435305092	0.892167985	5	8872	9	0.938125441
0.337344398	0.80602261	5	10289	12	0.912948188
0.749701834	0.052358863	4	9683	9	0.09153529
0.891211354	0.731450945	4	9987	12	0.790676899
0.027001214	0.085883556	4	9117	10	0.768277081
0.535753966	0.856800833	1	10089	9	0.207015525
0.325909741	0.734358854	1	11230	10	0.332922637
0.270896938	0.861529116	1	8704	10	0.187368849
0.993151494	0.359082113	5	10330	9	0.41486552
0.165693798	0.985788255	1	8147	12	0.05515133
0.872913643	0.898535461	4	11145	11	0.746198252
0.318232255	0.680327415	5	11914	10	0.134942682
0.599098412	0.172571989	5	8423	11	0.619021933
0.734197243	0.230905737	1	8707	11	0.027127166
0.676094396	0.256591231	5	9006	9	0.980467083
0.504179305	0.736300232	1	9607	8	0.16279769
0.614380422	0.58222388	4	11338	12	0.175330751
0.024134333	0.195531313	2	8206	8	0.022090545
0.832298274	0.232919476	1	10016	10	0.249512638
0.80369101	0.644246415	1	11241	8	0.086015932
0.162823834	0.61112737	1	10669	9	0.357000551
0.350721429	0.101911989	4	10790	10	0.677241998
0.242304644	0.685217048	4	8560	12	0.312290992
0.276341757	0.645268627	4	10629	10	0.496976258
0.265744367	0.004740562	2	9091	8	0.804952645
0.230854519	0.536783888	3	10184	11	0.407011652
0.046879033	0.124753425	5	8812	11	0.416855661
0.174872303	0.630461416	4	10399	12	0.588764155
0.080573363	0.61817798	2	11383	12	0.684253166
0.794519289	0.78568355	4	10611	9	0.428739791
0.773978511	0.156086492	4	9003	9	0.738924326
0.919022971	0.452660545	1	9976	10	0.363325373
0.727232613	0.734319602	1	10178	8	0.896578782
0.747722767	0.057943186	5	10386	9	0.831426667
0.436138282	0.098023115	1	9676	10	0.265665937
0.160786033	0.075606233	1	11283	12	0.009097516
0.151841378	0.02448783	5	9886	9	0.833023909
0.424524313	0.691735384	5	10395	8	0.247787263
0.034203299	0.219004837	3	10717	8	0.636228409
0.367725717	0.820978457	3	10358	11	0.212028522
0.796120427	0.858126478	5	8240	8	0.153283388
0.82379683	0.980015746	4	9999	8	0.636466638
0.765595706	0.980264381	3	10363	10	0.533725115
0.040189807	0.952421749	1	11897	11	0.999710477
0.207703479	0.097532497	2	10747	9	0.411906511
0.031245916	0.886037191	4	9875	12	0.130317489
0.066755506	0.526772282	1	9569	8	0.72569809
0.780313859	0.808116696	5	8051	8	0.657099895
0.176034076	0.258259681	4	9398	10	0.139610309
0.073572663	0.490303554	3	9096	9	0.982896022
0.536587791	0.891957317	1	10047	8	0.095451507
0.029238824	0.899131828	5	9438	12	0.791959984
0.901739886	0.976253081	5	10908	8	0.39462319
0.002080712	0.872327867	5	10553	8	0.195550173
0.858092129	0.773594267	2	8205	10	0.363785184
0.265866487	0.694499439	4	8262	11	0.554266209
0.133258094	0.437555542	3	11376	11	0.166089866
0.286013976	0.688059862	1	10490	11	0.977463782
0.555400042	0.779564545	5	10600	10	0.335017511
0.111745233	0.625185621	4	8489	8	0.1399683
0.543201647	0.224910345	2	11668	9	0.797749888
0.17083032	0.03228816	3	9349	11	0.131542306
0.021234967	0.816623879	2	10688	11	0.684345115
0.596439404	0.955617997	4	8143	8	0.065381066
0.972078914	0.529484309	5	9923	10	0.745728494
0.78942527	0.85145293	5	11021	8	0.214660872
0.939668405	0.19937707	3	10014	10	0.079110423
0.751028335	0.079915697	3	10765	11	0.722346836
0.734435309	0.970720127	3	9387	10	0.175823737
0.741853156	0.521986128	4	8328	10	0.89635335
0.768889465	0.649616615	4	8501	11	0.254103172
0.820118218	0.365304099	4	8017	9	0.067596853
0.627407346	0.471273859	4	8612	9	0.675293099
0.212479148	0.546934447	4	8683	9	0.095886649
0.433289938	0.554571359	4	10962	9	0.191035022
0.438847301	0.526676656	4	9662	11	0.605213589
0.765072351	0.691534596	4	11089	12	0.891316139
0.836312695	0.07824005	5	9935	11	0.170902548
0.925670452	0.302507866	3	8188	11	0.64380761
0.493210291	0.772826888	1	11411	11	0.916891386
0.412446389	0.069286098	1	11628	8	0.367668899
0.940578057	0.993886051	3	10783	11	0.530790367
0.777938103	0.789316491	3	11108	12	0.864345576
0.956708405	0.377964043	3	11826	12	0.770434707
0.712383095	0.820879307	3	9988	8	0.97201621
0.944028634	0.036096902	4	11899	9	0.279931623
0.302840822	0.994582185	1	10235	11	0.945383036
0.475181998	0.154306375	1	9778	8	0.586814674
0.437026613	0.784381506	5	10872	10	0.413806379
0.745578425	0.656519022	5	10361	11	0.219659277
0.073373351	0.302265959	3	10234	12	0.55335138
0.082431561	0.486356945	1	9288	11	0.164607618
0.772526406	0.087873656	1	9641	10	0.524493451
0.623694436	0.679239931	1	11776	10	0.109415825
0.734954446	0.338286508	4	10965	8	0.461478137
0.517928015	0.176126025	4	9405	12	0.416175294
0.633365027	0.631505361	2	8060	12	0.87680514
0.553578351	0.060936104	3	11252	11	0.864523339
0.677870975	0.350839515	3	9492	9	0.783624786
0.530562238	0.389677167	5	8455	8	0.708526733
0.779737288	0.449582084	4	9688	10	0.533253081
0.998191629	0.28153364	2	8413	9	0.813162224
0.272910709	0.031423886	1	11632	8	0.640400868
0.481147946	0.177014095	3	9497	10	0.459263273
0.74857152	0.385354996	3	8136	9	0.753280984
0.462325452	0.21618224	4	9036	11	0.794218818
0.13768056	0.390582319	5	10080	11	0.835416335
0.965353807	0.557195713	3	9129	10	0.624495551
0.15158397	0.3399476	2	10295	10	0.692721291
0.279197552	0.803331137	3	10561	8	0.508342462
0.0812043	0.678004764	2	8059	9	0.238660755
0.296317025	0.864722452	5	10384	9	0.723886857
0.589945671	0.362412452	1	9824	12	0.344621134
0.104718082	0.862967743	1	8228	12	0.517344676
0.017884253	0.283397111	2	8738	8	0.905596915
0.954632797	0.650126913	3	10054	11	0.810153939
0.997508651	0.116135596	3	9615	9	0.5838861
0.369030402	0.673887244	1	9801	12	0.036366327
0.285710247	0.195580341	3	11850	11	0.587001848
0.149924674	0.768478213	2	8923	8	0.689343446
0.77716785	0.264950305	1	11490	12	0.41198603
0.052302996	0.496501856	2	8877	10	0.427809213
0.621456354	0.879421591	4	9907	8	0.003585449
0.893169679	0.05158249	4	9709	11	0.380189234
0.716876045	0.920121009	2	8741	8	0.262352134
0.387456549	0.481648686	2	9109	8	0.208415099
0.936129286	0.36807941	2	10107	11	0.139464463
0.143118359	0.353494249	3	10529	12	0.815442419
0.991753769	0.096598907	2	11572	8	0.386165765
0.34662593	0.466008852	3	8178	11	0.25081745
0.257652672	0.688956487	3	9043	9	0.303928167
0.390279127	0.662684096	3	9752	10	0.704573982
0.953525187	0.2689987	3	9069	11	0.645343785
0.431164313	0.991438506	1	8587	9	0.663391339
0.838337033	0.277989272	2	11770	10	0.992076453
0.167950565	0.530907726	4	8818	8	0.846941665
0.771516933	0.588577629	4	8383	8	0.503264674
0.373314097	0.092719923	4	9361	8	0.833537215
0.234156929	0.366033205	2	11298	9	0.457523181
0.927050257	0.22733825	4	8677	10	0.291454421
0.363698856	0.463505612	5	11849	12	0.540594007
0.402848111	0.671685091	5	11309	12	0.268044598
0.579779486	0.041981246	5	9567	11	0.075619024
0.384380986	0.031186861	1	8597	11	0.702256801
0.497964597	0.435448091	3	9753	10	0.549579523
0.823966476	0.777973135	2	10207	8	0.671852115
0.333544387	0.504176823	3	9910	10	0.214751377
0.375492706	0.283093473	3	9775	11	0.112511782
0.40419826	0.615710283	4	9986	12	0.658279226
0.291634454	0.874869271	4	10089	12	0.264582787
0.875924223	0.123159476	5	11245	8	0.345488245
0.887594621	0.205536264	1	8196	8	0.214994397
0.119102134	0.293109341	3	11071	8	0.572355302
0.606510003	0.715129307	2	9020	12	0.515864056
0.142681593	0.230892537	4	10464	11	0.367894543
0.299799704	0.917562949	3	11835	11	0.405445366
0.49522889	0.807965655	5	8661	12	0.542626965
0.367443412	0.484074689	1	10861	11	0.245228126
0.17649814	0.520628448	2	10567	12	0.274819111
0.122879176	0.500158036	2	8050	10	0.769821395
0.397200237	0.0633714	2	10554	9	0.629418491
0.573112181	0.60575972	2	11669	8	0.407961449
0.126328742	0.152195518	2	8716	9	0.076693878
0.548034116	0.362585088	1	11003	12	0.406740774
0.742288393	0.808753788	2	10898	12	0.242396353
0.840644608	0.835101291	5	10158	11	0.612690335
0.965609444	0.916283175	1	11982	9	0.125391669
0.67071208	0.669184687	1	11044	10	0.232129395
0.383785987	0.006269244	1	9812	11	0.085157932
0.270325554	0.751183357	4	11918	10	0.391783806
0.211481663	0.393854064	3	9779	10	0.095399485
0.413499489	0.165046666	2	10298	8	0.623685894
0.575616989	0.346102365	4	9026	10	0.984292267
0.406257224	0.021649123	4	8047	9	0.508853257
0.934323649	0.315142989	3	10982	8	0.486477594
0.044685255	0.406644028	4	11869	12	0.031428395
0.845423482	0.691107585	2	10690	9	0.561893972
0.211893389	0.600434149	4	8480	9	0.769421181
0.297322951	0.857168698	2	10130	10	0.510942622
0.879028503	0.6215264	3	10281	11	0.840120796
0.075132382	0.709459116	2	11275	9	0.198250185
0.925209949	0.417957065	5	11511	12	0.887954044
0.944380325	0.526913318	1	10393	11	0.4330611
0.826625298	0.838002142	2	9097	12	0.765487399
0.724028861	0.445879218	2	11041	11	0.672551411
0.381420501	0.250252468	3	11960	12	0.473605965
0.832385072	0.76461803	2	9330	8	0.072906773
0.506928154	0.084481049	4	8093	11	0.790849357
0.858263108	0.239172954	5	10162	8	0.998377961
0.366194765	0.085326238	3	9951	12	0.642934044
0.007474401	0.96009306	4	10323	12	0.427528861
0.48657242	0.1500235	3	11344	12	0.929819594
0.152163817	0.366278645	5	10209	12	0.246072874
0.771310709	0.355473608	5	11106	11	0.637962956
0.293479878	0.331476262	3	11972	12	0.763288922
0.47906004	0.772128321	4	9507	10	0.729020386
0.024892043	0.303904016	4	8146	9	0.788490421
0.808067124	0.760737483	1	8098	8	0.032349031
0.189859509	0.983513214	4	8973	10	0.679320501
0.569741224	0.53949991	4	11102	9	0.101640665
0.915893982	0.63235516	4	9027	11	0.873830164
0.204977434	0.831016813	2	10685	8	0.190802773
0.910915363	0.588722339	1	11971	9	0.14298585
0.506489942	0.930662308	4	9127	9	0.178672974
0.869050815	0.100218369	2	10094	9	0.55722938
0.771276498	0.629751918	2	10046	8	0.26536957
0.26002127	0.737556809	2	9089	10	0.733828293
0.622941339	0.254603941	1	9381	12	0.988265704
0.055561226	0.977612867	5	8449	11	0.895892076
0.866189579	0.458978079	3	11042	12	0.857435424
0.472188475	0.915043009	1	11582	12	0.757340174
0.812244373	0.885454622	3	9194	8	0.827875195
0.511155539	0.442262735	5	8426	8	0.696528969
0.640057517	0.101400341	1	10196	12	0.323510193
0.79372857	0.744512425	5	9729	9	0.015473513
0.886413943	0.395234902	4	9527	11	0.172970671
0.134181171	0.879947166	3	9128	11	0.203045389
0.976389508	0.614852365	3	8896	10	0.482035347
0.118682296	0.369416979	1	11314	8	0.507354863
0.412543977	0.281844832	1	11414	12	0.720953484
0.920257699	0.41581847	1	8898	10	0.941821101
0.641440746	0.234515584	4	8344	12	0.879271411
0.144712884	0.512781752	3	11170	12	0.039269247
0.637769484	0.915153248	1	11900	11	0.327801836
0.952445829	0.065981957	2	10356	11	0.401742187
0.138976	0.463097736	4	9556	9	0.549694122
0.529815466	0.749175052	1	11654	9	0.380931772
0.165523807	0.898272202	2	10104	9	0.47324627
0.913372819	0.966810938	3	10535	12	0.753434195
0.312632945	0.664852318	4	9137	12	0.969590591
0.484029783	0.936092774	2	11956	8	0.26596702
0.155007152	0.032536959	5	9631	10	0.340571431
0.914032916	0.416894764	1	10935	12	0.275027903
0.581611917	0.104207556	1	8390	8	0.083633833
0.160922143	0.111652411	4	8529	9	0.8967266
0.588501507	0.324880278	4	11026	8	0.121916272
0.606551986	0.608651599	3	10312	10	0.777572313
0.489543507	0.005551452	3	9555	11	0.658711818
0.410234578	0.756511874	5	8060	10	0.880306199
0.052075591	0.32617247	3	8253	10	0.42449019
0.54011193	0.080039372	5	8174	12	0.704885275
0.267580853	0.55655604	3	10618	9	0.253864671
0.649075522	0.000205705	1	11766	8	0.262092513
0.882940203	0.348718234	1	10535	12	0.465257578
0.08474038	0.999842838	1	11887	11	0.123672339
0.295142083	0.429794592	5	11983	8	0.430304906
0.887592127	0.899581631	5	8898	9	0.043754909
0.344843492	0.429669732	1	9358	10	0.774146484
0.897563024	0.802896826	4	8192	12	0.605332313
0.775432092	0.838176849	4	9266	9	0.498986013
0.64410972	0.574197324	3	10677	9	0.406919731
0.315152269	0.530717726	2	11004	10	0.880775889
0.298164827	0.556895526	1	9466	12	0.654105857
0.215095004	0.895280993	2	8766	12	0.901187005
0.838596069	0.026739522	4	8616	9	0.39933366
0.597972886	0.364055703	2	11434	10	0.287925162
0.146584205	0.852284079	2	8591	9	0.032377711
0.765593861	0.484005744	3	11947	8	0.38181713
0.425136641	0.589972136	4	11921	8	0.085687369
0.417771948	0.481967873	5	10213	11	0.360114601
0.367573858	0.98876824	3	11050	8	0.53739654
0.926875085	0.637060334	3	9511	8	0.044237679
0.451993469	0.713411045	1	8680	10	0.729627974
0.074504379	0.583342789	3	8379	11	0.369469147
0.850616596	0.233673363	4	10165	8	0.421271114
0.805776916	0.918993362	2	9173	11	0.58158023
0.156200425	0.128077592	1	9603	11	0.142986918
0.413962279	0.609987072	4	9105	9	0.502447773
0.348435167	0.512921702	4	8140	9	0.488722356
0.332049757	0.102811115	4	9493	9	0.246951278
0.185301572	0.345662768	5	9412	11	0.978569264
0.377288504	0.397261316	5	9606	10	0.252120831
0.088093925	0.912732837	1	9917	9	0.119298858
0.153847908	0.302688374	5	10900	12	0.320366326
0.406608397	0.9431007	1	11685	9	0.855419277
0.119321319	0.965113355	4	9412	11	0.483908856
0.250284325	0.393781838	3	11463	8	0.21796052
0.829992591	0.304286411	3	9626	10	0.110376387
0.028475938	0.448860263	3	9924	8	0.202754284
0.760407493	0.428853637	1	11636	10	0.671595045
0.363554459	0.352112169	5	9982	12	0.362499231
0.392088639	0.189436254	5	11367	12	0.648996725
0.899687756	0.91812407	4	8059	10	0.731347296
0.98340072	0.480654927	4	9711	8	0.442501903
0.030626362	0.102915528	3	9689	8	0.142476985
0.135918964	0.525346475	4	8783	9	0.484841354
0.71485069	0.969843992	2	11954	11	0.878045806
0.674279137	0.952429666	2	11509	11	0.19712166
0.279282716	0.12620169	1	10785	12	0.670087668
0.826984945	0.539946783	4	9666	9	0.85706016
0.12248792	0.002738109	5	10929	12	0.723198141
0.355847187	0.329582313	5	9505	8	0.853325684
0.300775311	0.259706911	5	11498	10	0.742949741
0.166555369	0.706531907	1	8243	11	0.925394712
0.925977717	0.110362942	1	8581	10	0.634174094
0.721818741	0.341721807	5	11970	12	0.61963032
0.421330396	0.384343636	3	9841	9	0.626322115
0.441421949	0.202594356	5	11359	8	0.893174093
0.476406637	0.94923483	2	10572	9	0.541383755
0.336882852	0.678093911	4	9313	8	0.33591598
0.678903589	0.085525311	2	10378	8	0.930906955
0.605300093	0.914635797	4	10920	8	0.743076597
0.126461614	0.067522501	4	10718	8	0.563816827
0.880286915	0.641344995	1	11546	10	0.264940566
0.081946165	0.378682072	4	9971	10	0.453323968
0.369762525	0.809955381	3	11014	12	0.946904652
0.390671027	0.806639358	1	8904	10	0.020090005
0.237570643	0.400893106	5	11686	10	0.289854643
0.727470288	0.384795614	3	9961	10	0.173030114
0.294115937	0.546390374	2	11050	9	0.420435903
0.688598149	0.545062405	1	10166	8	0.198245179
0.169210522	0.378026832	1	8392	11	0.64252971
0.580977954	0.494281256	5	11198	11	0.841348967
0.748428377	0.996863038	5	11330	10	0.632697521
0.341475056	0.947539888	3	10754	8	0.720916397
0.395235278	0.086300854	2	8864	10	0.349528654
0.997224942	0.371076643	3	10874	9	0.260741021
0.210786285	0.881921426	2	11048	11	0.616769968
0.006589755	0.023531324	1	9902	8	0.491052469
0.524391218	0.25877707	5	10327	12	0.662584569
0.418277923	0.939372552	2	10750	9	0.992987775
0.335875129	0.146854997	5	11133	9	0.245142173
0.753494923	0.69240523	2	8226	8	0.451755288
0.36147299	0.643613314	1	10609	12	0.386074037
0.443072444	0.248557198	5	10780	12	0.273740753
0.203875484	0.380980731	5	11540	12	0.096437056
0.446988241	0.530543514	5	11152	12	0.548400846
0.277570138	0.334742922	5	9574	9	0.456581019
0.01188934	0.017612257	5	10622	11	0.439888869
0.414797522	0.501799898	1	10658	12	0.225607593
0.185717909	0.702564636	5	11007	12	0.508576004
0.37503103	0.026527342	1	9326	11	0.812483946
0.344369074	0.884232849	1	8917	12	0.82078939
0.034013815	0.485764898	4	10118	12	0.964577517
0.176424926	0.533779825	2	9036	12	0.6874855
0.62925384	0.970268147	5	9402	8	0.226296112
0.817305294	0.916690697	2	10794	9	0.694098647
0.40178911	0.597787257	5	8530	11	0.807096851
0.348544457	0.000681189	5	8474	12	0.876029925
0.479163882	0.321678015	1	10696	11	0.954215484
0.951744832	0.167528159	3	10926	10	0.183772642
0.730521323	0.368092969	1	10196	11	0.566050865
0.864240683	0.347331971	3	8135	9	0.711294485
0.669897321	0.970132793	1	10361	12	0.196163757
0.702068386	0.934115341	4	10426	9	0.377612158
0.265926003	0.745262182	4	10874	12	0.125649663
0.826245921	0.648847522	3	9536	8	0.671848318
0.806419412	0.316849257	2	11133	8	0.351807388
0.41232973	0.793569084	5	8570	11	0.178544664
0.87707738	0.554929547	5	9001	8	0.163358559
0.883610759	0.135848797	5	10815	12	0.307664476
0.096170446	0.645771387	3	11657	11	0.178224049
0.458491439	0.639714579	1	10277	9	0.764746977
0.402525086	0.430572497	5	11230	12	0.487462002
0.029920143	0.806395758	1	8280	10	0.447315404
0.277038068	0.213632548	5	11409	12	0.661780202
0.061000216	0.588012761	4	8793	9	0.138270245
0.578435913	0.313029622	3	9141	9	0.696457614
0.972577887	0.62944372	4	11043	10	0.677626605
0.994477955	0.913520748	1	11379	12	0.932024984
0.268793354	0.794320774	4	11772	10	0.954181059
0.941885352	0.21684685	2	9928	8	0.719252628
0.416249341	0.073956705	2	9753	12	0.835066666
0.643010257	0.656948324	2	8883	12	0.00326942
0.468261529	0.40573273	1	9295	12	0.191873031
0.234019113	0.352531625	4	8837	10	0.96443206
0.83408346	0.499055373	5	10368	9	0.783029205
0.29998725	0.528687297	2	11114	12	0.697246078
0.78222539	0.786839739	2	10197	11	0.758218594
0.796684803	0.01350969	1	10798	10	0.326684409
0.883257669	0.684935086	3	11004	12	0.444237235
0.452016991	0.342344443	2	10461	12	0.665763528
0.936688413	0.633183094	5	10734	11	0.408711888
0.876677368	0.658067721	3	11390	11	0.461833032
0.929132993	0.938830563	4	8381	10	0.6375246
0.96738772	0.911446635	5	9758	8	0.795728953
0.945326352	0.745539216	2	11607	8	0.612383895
0.624321716	0.602187483	4	10379	11	0.885805983
0.502586632	0.053358387	1	11887	8	0.802043578
0.061545061	0.369583425	3	10299	9	0.917051269
0.709451231	0.439875404	3	10518	10	0.177374895
0.881492737	0.82270711	3	9730	8	0.87832222
0.871494841	0.724022309	2	10744	10	0.355648237
0.161131018	0.773430482	2	10846	8	0.385946044
0.235617593	0.078933684	5	9020	10	0.988636248
0.095814867	0.265116815	1	10346	9	0.744663319
0.958499925	0.924320894	1	11652	8	0.010643081
0.438371214	0.566980512	3	9558	12	0.302884954
0.332824691	0.184653364	5	10177	11	0.383496269
0.475187124	0.03484772	1	10100	12	0.999544884
0.343559894	0.774275505	5	10653	9	0.465551073
0.977547052	0.761321911	3	11838	12	0.46951395
0.253270093	0.271256931	5	11173	8	0.888719887
0.605295168	0.021391285	2	8524	9	0.848295255
0.735859561	0.83409573	1	9743	11	0.232728844
0.62840174	0.263511656	5	8131	8	0.71928196
0.666844668	0.103983498	1	9127	11	0.431364357
0.92732306	0.657890704	4	8263	8	0.353399587
0.259739285	0.335218077	5	8403	11	0.690592261
0.178997211	0.467532428	4	8653	8	0.690860805
0.379912212	0.109151892	3	10928	8	0.146619403
0.532319215	0.766345132	3	10812	11	0.651694527
0.8124868	0.223994114	5	8757	10	0.155740877
0.508893403	0.03846873	3	10424	9	0.299542593
0.41499564	0.057397756	2	8864	10	0.628915703
0.064383962	0.326458557	4	9929	8	0.461095703
0.651781063	0.543681343	3	11873	9	0.99772568
0.165786744	0.503614045	2	10246	12	0.004052458
0.282814594	0.144911992	2	11401	12	0.936470745
0.788765759	0.429648924	4	8141	8	0.465936685
0.945005801	0.873805715	2	11090	11	0.055412095
0.221187791	0.887910121	5	9930	11	0.24355239
0.954488646	0.730847408	5	10127	9	0.532878327
0.155613924	0.487254755	5	8514	8	0.849063578
0.474455962	0.935930094	3	9832	8	0.583629849
0.947222032	0.06065873	4	10434	12	0.299757014
0.125211423	0.614967552	5	10666	8	0.763662445
0.863293895	0.543424674	4	8022	12	0.607257016
0.075082539	0.623523381	5	8195	12	0.135912864
0.155921188	0.659075881	5	9180	8	0.867064828
0.621621593	0.344961138	2	10664	9	0.594357359
0.624050922	0.765977555	5	8026	8	0.192224964
0.682095339	0.539756311	2	10730	11	0.040441645
0.742487524	0.403238867	1	8389	12	0.153421802
0.277258866	0.946426024	3	8265	12	0.80712859
0.909960678	0.819581693	2	9572	8	0.998457246
0.396073121	0.67996865	4	11016	11	0.717583658
0.134537269	0.950234794	3	10234	9	0.328757091
0.196926117	0.722860321	3	10416	11	0.031073654
0.217383377	0.018537119	4	11493	8	0.266051187
0.105962512	0.451185017	3	9043	10	0.254013201
0.991096144	0.469415953	5	8904	12	0.883710104
0.355128251	0.603146558	1	10794	9	0.675402462
0.460843469	0.434040903	3	11533	12	0.879099626
0.559609049	0.884792781	3	11786	12	0.217052994
0.273931972	0.966747249	4	8135	8	0.573982504
0.30400469	0.208019242	4	10023	9	0.074112393
0.3839185	0.208289297	2	10790	10	0.706485984
0.131865156	0.14485884	4	11752	10	0.947732627
0.375772029	0.307377191	5	10220	11	0.397902085
0.673310167	0.933915459	2	9801	10	0.243307011
0.476615985	0.813073406	4	11126	10	0.600884371
0.907293254	0.860838429	5	8648	9	0.501546355
0.741671722	0.029708141	1	9229	12	0.728428339
0.65489291	0.822792452	1	9350	10	0.217936833
0.432856159	0.919714465	1	11464	12	0.063471935
0.254899935	0.697620722	2	8108	8	0.666047638
0.305703383	0.369930035	5	11929	10	0.658916066
0.537157693	0.546616359	1	10955	11	0.681901815
0.705638727	0.061213605	4	8780	12	0.969463609
0.774964834	0.127273471	2	9524	10	0.964669364
0.616902309	0.433926246	1	10242	8	0.790821485
0.768838374	0.591941501	2	10592	12	0.535685052
0.583873508	0.588193084	5	9523	9	0.395875491
0.421599086	0.893388189	1	9298	12	0.474661687
0.182729135	0.116873429	2	11344	11	0.209994875
0.654165303	0.23402499	5	10473	8	0.583116922
0.056817014	0.631782536	1	10331	11	0.157592698
0.510621198	0.667117905	2	9043	12	0.706081937
0.463525679	0.97508454	4	9143	10	0.608656231
0.226446135	0.630434993	1	8156	8	0.612478511
0.08795605	0.385679333	2	9388	12	0.294731911
0.242391674	0.121241537	5	8359	10	0.473876304
0.130377322	0.983836907	3	9267	9	0.713129822
0.976675271	0.017377614	3	8962	9	0.036070819
0.173758588	0.895697634	3	11846	9	0.813411384
0.986813632	0.503452148	2	10215	10	0.28332062
0.448173604	0.166303908	2	8151	11	0.245613769
0.710532171	0.512382959	1	11628	10	0.935293623
0.478954652	0.711521631	1	8146	10	0.681996893
0.603431208	0.280820694	1	9884	9	0.715288971
0.579406946	0.449140225	2	8663	12	0.138298551
0.274747357	0.907036767	4	8599	12	0.388822474
0.250334748	0.279359805	2	8242	9	0.091808557
0.090807314	0.015897135	4	8483	12	0.532750885
0.085119542	0.145189328	5	11913	9	0.863109981
0.594126134	0.589831348	2	11927	10	0.885332809
0.566384352	0.954104703	4	10432	12	0.55205363
0.326088221	0.722508144	3	10289	8	0.26648674
0.801511656	0.914509217	3	10607	8	0.229244205
0.937977003	0.467750406	5	9044	9	0.444984303
0.901195264	0.776455016	3	11240	8	0.948169499
0.874482806	0.999570845	1	11866	9	0.479301585
0.824040667	0.686536362	4	9138	12	0.446551927
0.879089895	0.80895693	2	11184	9	0.407700129
0.712213936	0.570902856	4	11446	12	0.727232347
0.061820199	0.42438784	1	9563	8	0.520832803
0.870606033	0.748527539	5	8976	8	0.47070567
0.812378969	0.708930467	2	10643	9	0.82330157
0.007094907	0.87778969	1	9854	11	0.284563176
0.078111886	0.298460562	1	11144	10	0.908691737
0.928353075	0.847124707	1	8130	12	0.956187323
0.773837801	0.743183711	5	11468	8	0.997368639
0.129106809	0.046312538	4	8252	9	0.134797124
0.063620649	0.2670956	2	9048	11	0.474540886
0.673888726	0.668408042	5	9753	9	0.172754464
0.740223349	0.303566398	4	8565	8	0.921788931
0.596848979	0.937655516	4	10184	11	0.093594851
0.356543489	0.384916327	2	10071	11	0.733853757
0.200803765	0.341074296	2	10529	8	0.049424314
0.504039867	0.490289341	1	8233	9	0.567055348
0.024913265	0.930195104	3	9121	9	0.579243476
0.152283378	0.825213306	4	10539	12	0.440214822
0.580024457	0.171856035	2	9572	11	0.091850275
0.855225228	0.037846142	4	8018	10	0.122643232
0.94520743	0.113475378	4	8957	10	0.841921573
0.775199735	0.513504348	5	8979	12	0.961926752
0.241354371	0.397803102	4	11771	11	0.291364336
0.793831346	0.011766671	2	9168	11	0.567070764
0.821811663	0.100483902	1	9574	12	0.237702187
0.518346467	0.386610224	5	10644	8	0.288292033
0.242903469	0.010922687	5	10241	12	0.370251684
0.514364974	0.571945407	2	9525	9	0.676928051
0.565682984	0.950760139	4	11658	10	0.224869818
0.8639944	0.701031792	2	10022	12	0.043366875
0.73807435	0.95126503	3	10989	9	0.413873687
0.120054348	0.883709145	5	10151	10	0.939282237
0.245157855	0.189135259	5	11199	11	0.212475343
0.153511013	0.137518943	2	8231	11	0.150345993
0.750394488	0.374279695	1	9887	8	0.866786622
0.412846349	0.273813044	4	8844	11	0.184099967
0.346137644	0.553690495	1	11510	8	0.757008216
0.111172443	0.3476792	2	8771	8	0.680243625
0.407093092	0.626562731	1	11617	11	0.485131358
0.175115426	0.856862751	2	10703	10	0.901601061
0.51298719	0.399112523	5	11010	8	0.32111912
0.767808104	0.459777229	4	10735	11	0.215938099
0.758408409	0.08101145	4	8304	12	0.48356751
0.622699604	0.46219199	4	10223	10	0.697128702
0.788725186	0.870071201	2	9443	8	0.054275618
0.98157864	0.387329761	1	11046	10	0.996491833
0.979592233	0.571697218	2	10858	12	0.592399332
0.218871393	0.562155303	4	9006	11	0.751599884
0.09013631	0.137129166	4	8420	10	0.790851799
0.996345139	0.521694184	3	10847	11	0.855089306
0.311983006	0.041057353	5	11328	12	0.57081041
0.067437061	0.652888642	3	10289	9	0.904646797
0.089824667	0.914192415	3	11818	9	0.132942367
0.264002896	0.755038959	3	10573	8	0.529269219
0.56294939	0.527068397	4	8429	11	0.798585469
0.641015989	0.306127331	2	11344	11	0.980554225
0.475584641	0.128990615	3	9336	12	0.755036854
0.303215338	0.951183098	1	8609	10	0.249802689
0.878123879	0.004117501	3	8841	11	0.967137082
0.673318965	0.303770841	4	9279	10	0.15055404
0.053808452	0.165140219	2	8781	8	0.490806686
0.126535697	0.893674398	2	11322	12	0.859043537
0.335800986	0.975960204	1	10516	11	0.884757291
0.903112458	0.878379804	5	11512	8	0.940222127
0.934685846	0.245671213	5	8322	10	0.806034812
0.661348187	0.880836637	4	10449	12	0.454515361
0.286432662	0.113383163	1	10451	10	0.620867413
0.330781276	0.522046922	2	8813	12	0.508316765
0.27672301	0.539870934	3	11597	12	0.534607523
0.474858234	0.032133281	2	11657	9	0.526391316
0.127915204	0.558374578	2	10781	12	0.220338862
0.230324419	0.124477225	1	10888	9	0.387928541
0.021338337	0.113972527	1	11543	11	0.467736124
0.10507527	0.60606288	3	8638	11	0.523895173
0.148566733	0.31523028	4	8245	11	0.65544348
0.859661155	0.520730542	4	9678	10	0.709243566
0.372585398	0.059294789	5	10439	8	0.266689825
0.769139107	0.546266367	3	10153	9	0.613466633
0.361025833	0.040592034	3	8427	8	0.893177921
0.137108364	0.59069996	5	10753	9	0.469554158
0.946080842	0.248068685	3	8937	10	0.71358289
0.721777966	0.278299918	5	9631	8	0.681943644
0.63800929	0.158417364	5	11947	8	0.373846908
0.501683604	0.373166671	3	9988	10	0.715474222
0.713837081	0.85705843	3	8291	11	0.507253393
0.739814972	0.065206661	5	8779	12	0.300623738
0.265428478	0.774559402	4	11676	10	0.565901217
0.194812861	0.496190668	5	11404	8	0.96979635
0.677479663	0.313770491	3	11290	10	0.248934223
0.304537793	0.016554156	2	8602	10	0.810411732
0.72219456	0.683637686	3	11859	9	0.729206786
0.5530356	0.45254388	2	10982	11	0.933906254
0.172368441	0.853176768	4	9707	10	0.179041319
0.646469162	0.824550863	2	9459	11	0.981294657
0.640796464	0.738511124	2	9412	10	0.120216591
0.228080376	0.794193456	3	10937	8	0.731991049
0.680516628	0.047908027	3	8282	8	0.42340247
0.804378585	0.919838509	5	11141	10	0.013766822
0.128296736	0.268192951	1	9170	12	0.539677064
0.323297206	0.95741611	1	9042	8	0.63800889
0.500874619	0.392833889	4	8189	11	0.44336838
0.440796972	0.149249506	4	11147	9	0.286923619
0.212553156	0.773048157	3	8430	8	0.844531655
0.526291213	0.695036843	1	9581	12	0.077602743
0.650898957	0.523841056	5	8824	8	0.559098277
0.32356159	0.044056438	1	8675	11	0.640167543
0.853204042	0.156573759	2	9526	9	0.317703049
0.201501485	0.205516333	4	9859	12	0.755447192
0.326055533	0.046615194	2	10172	12	0.044468655
0.950913934	0.703866105	4	9414	11	0.450736787
0.916949884	0.855538318	4	8980	10	0.422945737
0.272304481	0.336349129	2	11793	12	0.191727721
0.104210913	0.615052407	1	8574	9	0.005310629
0.885939311	0.939042212	3	9595	12	0.219523828
0.159416029	0.157800258	5	9295	9	0.264930546
0.408062498	0.934396688	2	10912	12	0.222949332
0.411835218	0.263168884	3	11886	11	0.679005387
0.370866191	0.419441099	3	10265	11	0.197141249
0.889447154	0.741449118	4	8067	11	0.925437184
0.771904385	0.141255395	4	11854	8	0.767713188
0.380581313	0.318422425	1	10448	11	0.00428476
0.488505527	0.419288696	2	8518	10	0.225149129
0.153045122	0.931064697	3	8176	12	0.406830752
0.257048997	0.703016397	2	8517	10	0.105477696
0.042450532	0.435187725	4	10494	12	0.276559982
0.359708893	0.504544328	2	8296	9	0.374210758
0.198184173	0.942124022	1	11824	11	0.814189462
0.307126257	0.443622003	2	10446	12	0.336801545
0.994699739	0.313413889	5	8493	10	0.317912331
0.968724686	0.096505294	3	10760	12	0.291841801
0.496566576	0.335474727	5	8383	10	0.125825689
0.853165914	0.277702207	3	8017	11	0.877958008
0.971915237	0.478369394	2	10495	11	0.191812296
0.27065165	0.276241408	1	10758	10	0.76409457
0.102177378	0.121980781	5	8406	12	0.523059816
0.274198936	0.423005752	1	9559	8	0.689785242
0.271065813	0.302366955	3	10446	10	0.201292837
0.904220177	0.03666072	3	11404	9	0.472157475
0.832803766	0.83995369	4	9719	12	0.394618464
0.647071775	0.738642984	4	11670	10	0.799154587
0.221677325	0.546054323	1	8463	9	0.052149788
0.376986391	0.819932641	3	10618	10	0.492546699
0.147946356	0.3618483	5	10277	11	0.035423095
0.159309569	0.123362147	3	11048	9	0.007313718
0.125045936	0.411023861	5	11740	10	0.258722097
0.086540247	0.242461146	2	9881	11	0.708424478
0.180066621	0.060631255	4	10245	8	0.68577184
0.338887047	0.323846041	3	9006	12	0.023013283
0.957638391	0.159536929	3	10313	10	0.688994956
0.153332273	0.800770859	4	8802	8	0.002158655
0.917711871	0.036993602	2	11099	12	0.737659897
0.105078083	0.048022863	1	10056	10	0.171702082
0.359745954	0.016831831	1	9136	8	0.138693872
0.748181291	0.82108589	1	9567	11	0.367732282
0.131604136	0.975668228	2	11570	11	0.267373795
0.421239473	0.764939997	3	11152	11	0.452661096
0.592986025	0.733064141	2	9390	11	0.665998183
0.781935683	0.663561593	4	8161	10	0.63401673
0.009892974	0.595017551	1	11606	11	0.60689229
0.861955243	0.81675524	5	9952	9	0.030521203
0.701054757	0.829637151	4	11829	10	0.413308113
0.51123548	0.040250643	5	10405	9	0.471185593
0.856113412	0.192791568	2	9390	8	0.078917557
0.886231593	0.784645833	5	10932	9	0.115463143
0.416004128	0.764043669	4	11609	10	0.165750261
0.551285266	0.674359587	1	10422	10	0.714508837
0.699340792	0.403627814	5	9752	11	0.175298641
0.800400368	0.958144609	2	11616	10	0.501336965
0.242999474	0.915630941	4	11470	12	0.033572708
0.474856789	0.287723836	1	9118	9	0.971567694
0.222937525	0.593294839	3	10089	8	0.930314454
0.459687791	0.432956878	1	11273	9	0.191026751
0.610602537	0.526075137	2	9641	11	0.877107789
0.177771228	0.290883495	2	10720	9	0.264654512
0.085639865	0.823779459	3	9420	12	0.015926151
0.505391256	0.612996236	4	11337	10	0.272348129
0.39241435	0.909663131	4	10113	12	0.33449369
0.411650452	0.664111916	3	11208	9	0.36163789
0.455024845	0.816195458	2	8475	11	0.863246932
0.064736019	0.625173247	3	10715	12	0.129535475
0.931847953	0.849134106	5	8769	10	0.970174098
0.387198296	0.086298143	2	10856	10	0.741177723
0.640177712	0.581189462	2	10885	11	0.124989895
0.45179982	0.656450324	1	8674	8	0.433519487
0.091383545	0.158775745	3	8652	9	0.948561556
0.748612315	0.286103084	2	9670	10	0.892765049
0.610797814	0.665714467	4	8347	10	0.280431304
0.905136313	0.621306334	3	9355	11	0.048613938
0.677231024	0.700661181	2	10018	8	0.661867383
0.951618202	0.437165831	1	8284	11	0.890200706
0.206180221	0.840958813	3	8049	11	0.761770789
0.482614162	0.227588055	1	9788	12	0.416134887
0.000788977	0.936693331	5	10610	10	0.931602954
0.261569518	0.965842974	4	8781	9	0.053497117
0.563496623	0.771195966	2	8540	10	0.587161331
0.749520999	0.162711549	5	9796	10	0.615276995
0.319692596	0.448395684	2	11790	11	0.051969251
0.64344683	0.779341762	3	10037	9	0.243295352
0.925104773	0.594863366	4	10755	9	0.143796955
0.698152662	0.76316063	4	10269	9	0.699237965
0.294171037	0.947253675	1	8756	11	0.392126514
0.563761347	0.794389668	4	10027	11	0.949381896
0.889397356	0.587369202	2	10848	11	0.253785014
0.110589178	0.03419864	3	8674	9	0.333401063
0.510220757	0.856105002	5	10907	11	0.231042095
0.337669391	0.449788165	3	11690	10	0.522866069
0.248142253	0.886326818	3	10849	12	0.247027153
0.843446192	0.814025629	5	9966	10	0.35454263
0.640664465	0.514557485	4	8177	10	0.433310993
0.061211528	0.135522508	5	10214	12	0.07682618
0.450938023	0.004563598	3	11530	12	0.072827268
0.841494321	0.853050351	4	10721	12	0.241797152
0.709978782	0.84736339	4	11013	9	0.130629568
0.297723824	0.943025733	4	10546	8	0.904515368
0.654180977	0.990247415	2	11372	10	0.821800347
0.64521058	0.975617392	5	8641	9	0.625210344
0.008676965	0.768836498	5	9500	12	0.032027734
0.431858482	0.596648328	4	10844	10	0.770382977
0.612932249	0.912254901	2	9220	10	0.710787662
0.511272116	0.183468278	4	11180	11	0.786110898
0.026854125	0.509565247	4	8225	11	0.197693934
0.308341059	0.181455081	3	10466	11	0.769838585
0.634041002	0.507791394	5	11001	10	0.274079652
0.483438093	0.06368492	3	9753	12	0.418645501
0.597306882	0.478416357	4	8260	9	0.62637201
0.300400993	0.914280341	5	8507	9	0.82545325
0.369239371	0.479856522	3	11362	8	0.108329842
0.673580446	0.200586186	1	9610	11	0.248479152
0.858762564	0.273055321	5	11466	12	0.448742
0.941651287	0.305593128	3	11811	11	0.955779266
0.460531784	0.176533411	1	10230	11	0.900932262
0.680418441	0.512368225	5	8585	9	0.630587501
0.709699843	0.218660366	4	8458	12	0.818421771
0.885601633	0.883114244	1	9280	8	0.08318318
0.457548613	0.090703849	5	11220	10	0.919301461
0.026245684	0.614918547	1	8767	8	0.084423848
0.398763234	0.397837438	5	11537	12	0.662214333
0.076631734	0.352776665	5	10154	10	0.20088074
0.486431447	0.485726517	2	11203	10	0.03026848
0.462303857	0.16021595	5	10019	9	0.85223485
0.834383931	0.94298933	4	10111	12	0.947403897
0.063506926	0.824224292	1	9895	8	0.419790531
0.233115933	0.114921726	5	11614	9	0.98160377
0.739274155	0.510898534	1	10192	10	0.239102147
0.294347703	0.955398253	5	11457	10	0.723023183
0.883691788	0.077050214	3	8672	8	0.46080036
0.499051926	0.48778153	5	9589	8	0.486716886
0.924894344	0.748092328	4	10301	11	0.262568214
0.53054251	0.254790349	1	11281	11	0.391724039
0.940800022	0.688897361	5	10129	12	0.825513389
0.618372055	0.336822701	5	11804	12	0.711172105
0.240478554	0.447914602	1	10319	12	0.096314539
0.701379637	0.315095025	3	9652	9	0.758788972
0.323429506	0.043082212	2	11409	8	0.117001915
0.514546895	0.775854681	2	8864	12	0.180567928
0.087228424	0.308948317	1	8762	11	0.95779429
0.50868342	0.800240882	4	10937	10	0.262564214
0.41462693	0.681380341	4	10235	12	0.253565062
0.177165053	0.942905316	4	9007	11	0.19483846
0.808072798	0.456370072	3	8836	8	0.143373548
0.24789693	0.251735139	2	11141	12	0.3452437
0.4789545	0.678648408	3	11759	12	0.640485161
0.852162816	0.732607004	2	10311	12	0.754666381
0.009195757	0.83975758	5	9975	12	0.784693719
0.701454904	0.8173093	4	11326	9	0.685850551
0.12460376	0.507464175	3	10896	8	0.352279574
0.565703822	0.382382606	1	10788	9	0.559219874
0.216640708	0.408083444	3	10281	10	0.487871439
0.956983274	0.10471284	1	8418	9	0.303942414
0.804476199	0.089834982	1	8226	10	0.203321504
0.606416244	0.156561078	2	10303	11	0.839185717
0.834083277	0.715676861	4	11699	8	0.663220646
0.456727101	0.746506046	2	10211	8	0.412781937
0.308413724	0.542561607	2	9825	11	0.444389861
0.048758401	0.170217019	4	11537	10	0.479608002
0.565822963	0.260333017	5	10400	11	0.027898404
0.77303342	0.599059029	2	11200	10	0.156797203
0.07727017	0.877328343	4	10939	11	0.776703929
0.052743384	0.336172303	3	9055	11	0.768402459
0.570328688	0.563274153	3	10140	12	0.076443808
0.883543654	0.412093445	3	11006	12	0.661319288
0.173112553	0.107030018	4	8677	12	0.167686638
0.453900599	0.482834824	3	10037	9	0.169416914
0.04353394	0.537704574	3	11085	9	0.416028635
0.187678942	0.649097583	3	8517	10	0.381110085
0.535626893	0.092942708	1	10509	10	0.594500777
0.637428428	0.297013029	2	10321	10	0.189526936
0.152746641	0.590715449	3	11466	12	0.729697691
0.286189508	0.407011868	2	10535	8	0.655490419
0.956243157	0.371000044	5	9941	8	0.717301517
0.367539433	0.480810378	2	11607	8	0.74550411
0.523395874	0.057046344	1	8635	10	0.021596445
0.436840272	0.8078411	1	9604	8	0.990157222
0.303231029	0.06018642	2	11413	11	0.704191354
0.387484296	0.120097865	1	9912	10	0.698467971
0.891777908	0.504149732	4	11790	10	0.12260669
0.187851833	0.421082913	2	9105	10	0.905855497
0.767230945	0.910185645	2	10364	11	0.123085286
0.640353119	0.481625208	4	11702	10	0.731525237
0.848095898	0.132840831	4	10422	9	0.032128774
0.857683761	0.272720458	4	8840	10	0.775954444
0.957104911	0.257247348	3	8265	11	0.967809821
0.059488012	0.007197927	2	9012	9	0.525672804
0.261360554	0.926961432	5	11488	12	0.13100063
0.008017569	0.227347937	5	10458	8	0.124138475
0.198906454	0.905265829	3	10507	9	0.538034978
0.34817143	0.699448662	4	11956	9	0.5877537
0.198790152	0.955100818	1	10718	10	0.128652281
0.394090468	0.937140498	4	10833	12	0.545388503
0.572248371	0.561676556	2	9945	11	0.527990995
0.971481003	0.395791536	5	10237	9	0.108795741
0.469450384	0.259987632	1	8518	11	0.787487922
0.903188454	0.384311852	1	11110	12	0.283353882
0.304192508	0.581649792	5	8778	10	0.962380635
0.922019107	0.369305161	3	11941	10	0.359187043
0.472052387	0.714746048	1	8123	8	0.127830473
0.795052065	0.554125581	3	9890	11	0.243189672
0.71212368	0.592623177	4	9483	9	0.990771043
0.109910595	0.87883043	3	11989	8	0.213929474
0.230724265	0.531831461	1	10067	11	0.353968753
0.196197527	0.416659934	3	10068	11	0.821187767
0.856395258	0.7351663	2	10101	9	0.965418684
0.421378482	0.492624339	5	10069	8	0.118082468
0.632443088	0.471049237	4	9328	8	0.583486691
0.665008489	0.184068866	3	8885	10	0.504691514
0.596837637	0.824048024	3	10222	9	0.84311315
0.460066572	0.679818112	4	8844	9	0.816220896
0.399224455	0.553064235	4	9524	9	0.829980451
0.091930833	0.266973585	2	11812	8	0.948258152
0.787621815	0.885795313	1	10659	10	0.034949761
0.755930095	0.567717546	2	11255	9	0.5036326
0.440865644	0.462487017	2	8402	9	0.356703282
0.447007838	0.355775182	1	10564	9	0.13689559
0.356285289	0.593961644	2	8562	9	0.638567919
0.304934594	0.101889943	5	9529	9	0.331975494
0.248594607	0.227502271	5	9572	12	0.986725322
0.402522469	0.310228518	2	9266	9	0.82749842
0.498588109	0.998099213	5	9125	12	0.954988421
0.022868373	0.275497549	4	10305	12	0.167876045
0.663812626	0.711435441	4	8653	11	0.560717731
0.874029862	0.929751553	3	11094	11	0.213781704
0.657637747	0.50768475	3	9627	11	0.108400249
0.44350989	0.607464679	4	9809	9	0.00983837
0.377816304	0.695242265	5	11408	8	0.964574999
0.795418074	0.417756447	1	11146	10	0.753491862
0.736774596	0.124669875	2	11605	9	0.878943965
0.446817046	0.819974929	5	9245	10	0.257333481
0.941272568	0.020761686	5	9470	9	0.640439505
0.602574865	0.919713664	5	8428	8	0.922466832
0.779615308	0.500436969	3	9650	10	0.154868258
0.924212515	0.722617504	5	10723	11	0.050580734
0.334838327	0.106128216	2	11276	9	0.72526441
0.569434663	0.146508107	2	10954	11	0.503008256
0.793931217	0.856261917	4	9577	10	0.946852318
0.533160906	0.914609422	1	9295	12	0.520860004
0.087290605	0.539304562	2	11185	8	0.158110156
0.986532582	0.612800134	3	11227	11	0.532118616
0.100723676	0.753398399	5	8192	9	0.525854636
0.357730613	0.518957987	4	9683	11	0.630865981
0.432602587	0.069806136	1	11152	11	0.367720432
0.454916493	0.195358326	3	10813	9	0.910531415
0.030906344	0.274385396	5	8818	11	0.123802479
0.74505023	0.144966419	4	9551	8	0.356272448
0.771191286	0.663242688	1	9448	12	0.046452259
0.520793462	0.122433942	5	8875	9	0.560384637
0.929943549	0.529696795	3	11861	10	0.151240915
0.605732457	0.408323007	3	10913	10	0.207551323
0.689382306	0.206701651	3	11178	9	0.472150527
0.506345853	0.53349537	3	9020	10	0.37119259
0.155732738	0.737062563	5	11228	12	0.112400125
0.080750498	0.0901922	1	8951	12	0.669808994
0.912918968	0.348869326	3	10710	8	0.630736222
0.523249803	0.048799026	3	10326	12	0.159680409
0.355351296	0.152847108	2	8543	8	0.693231065
0.139262056	0.521155309	3	9527	10	0.816879396
0.280506752	0.080341868	4	11041	11	0.763720969
0.119387117	0.299511691	2	9947	10	0.78529356
0.868977984	0.343819349	2	11213	12	0.849483652
0.178038273	0.751014058	4	11345	12	0.426752769
0.562692262	0.225297223	2	10833	9	0.195567757
0.594882266	0.731115414	4	9010	8	0.482221621
0.120467081	0.536492521	2	11309	8	0.786845075
0.167685625	0.855673171	1	9247	11	0.629265323
0.522596991	0.675755164	4	11790	10	0.469527384
0.065629132	0.754951456	2	11998	9	0.231425268
0.702422364	0.998826964	2	11317	12	0.150183553
0.01215557	0.597841731	2	8382	8	0.276824364
0.833199373	0.907142543	4	11480	8	0.742237665
0.653040237	0.745699804	5	9970	10	0.731138403
0.072623951	0.852700306	5	8137	9	0.444044899
0.622538789	0.927693451	3	8986	10	0.247598132
0.574923294	0.079519344	1	9147	8	0.51754098
0.288018848	0.188571801	3	11841	10	0.416197537
0.129492227	0.933661506	5	10453	12	0.436117766
0.241225779	0.602699768	1	11481	10	0.089979138
0.313005208	0.095060058	1	10746	9	0.607833631
0.011833362	0.97593385	2	10334	11	0.761354589
0.245548249	0.218858291	3	9950	11	0.721002162
0.696626962	0.52860654	4	8843	8	0.21869841
0.030121867	0.906956929	1	9499	8	0.796715406
0.817385292	0.040976824	4	11115	11	0.139907984
0.829405685	0.780828198	3	11396	8	0.979447354
0.752595341	0.677684668	5	9131	8	0.967714924
0.857652131	0.350020611	4	8460	9	0.751519318
0.710061897	0.942906704	5	9036	10	0.595270605
0.857831264	0.414411171	1	10953	12	0.917897418
0.561133084	0.418768146	4	10485	12	0.746573132
0.100826136	0.665096379	5	9891	11	0.587964975
0.719902455	0.771245012	5	11014	8	0.022086105
0.174673503	0.193965454	2	10394	11	0.271952042
0.906229788	0.858191483	4	10327	11	0.502821368
0.776094563	0.044863197	2	10557	12	0.177348195
0.22299171	0.870855115	4	9305	12	0.607043798
0.780538448	0.396835729	2	11908	8	0.611256348
0.62853137	0.239921562	5	11888	11	0.504103582
0.188052292	0.646980612	5	11659	9	0.100368206
0.412576676	0.716428742	4	11858	11	0.709305495
0.460730053	0.967273848	5	9832	9	0.579853092
0.527381245	0.288477843	5	10332	11	0.057391139
0.411627755	0.704740457	4	11666	12	0.89905435
0.931458162	0.459342245	2	10492	12	0.99156921
0.835519377	0.688503895	5	11039	12	0.055027523
0.747727514	0.978147507	4	11899	10	0.851093698
0.009060482	0.677015212	1	11561	12	0.460944397
0.72843229	0.61326019	1	10183	10	0.093981511
0.375763997	0.764000894	3	8168	9	0.491071634
0.485554218	0.486912261	1	11020	10	0.687070152
0.92082809	0.065294826	1	9785	8	0.100504279
0.328985056	0.556590319	4	8553	11	0.393794233
0.139193363	0.305886374	2	11142	10	0.008669494
0.499480665	0.210081066	1	11929	10	0.507103308
0.894012453	0.422250276	4	10094	8	0.577742243
0.337479549	0.283163944	1	10691	11	0.287094475
0.639768519	0.685038188	3	11506	10	0.920314124
0.257863355	0.292192501	1	11167	10	0.368412065
0.401396843	0.884478383	4	8159	10	0.049433387
0.358740692	0.373392065	4	10599	10	0.782930342
0.127138347	0.49200208	4	11187	8	0.32621006
0.270164418	0.355678285	1	10773	9	0.172740357
0.036296507	0.968205408	3	9667	10	0.364692089
0.367691242	0.065355664	5	11051	8	0.655627261
